#  Filter      Pupil   wave       10%     20%      30%     40%     50%    60%      70%      80%     85%      90%  sky_flux_per_pix  ap_cor_10  ap_cor_20  ap_cor_30      ap_cor_40      ap_cor_50      ap_cor_60     ap_cor_70     ap_cor_80      ap_cor_85       ap_cor_90   skyin    skyout
F070W  CLEAR           70    0.451   0.869   1.263    1.648   2.191  3.266    5.176   7.292   9.017  12.332     0.0566    10.0363     5.0338     3.3651     2.5305     2.0347      1.721     1.5328     1.4174     1.4174      1.588           7.292           9.017
F090W  CLEAR           90    0.408   0.638   0.992    1.503   1.925  2.549    4.162    7.48   9.251   12.78     0.0537    10.0282     5.0172     3.3519     2.5241     2.0253     1.6977     1.4908     1.4173     1.4173     1.6016            7.48           9.251
F115W  CLEAR          115    0.374   0.571   0.778    1.036   1.768  2.324    3.287   6.829   9.723  13.272     0.0332    10.0146     5.0085     3.3404      2.507     2.0131     1.6825      1.452      1.331      1.331     1.3964           6.829           9.723
F140M  CLEAR          140    0.414   0.617   0.801    1.031   1.367  2.434    3.118   6.031   9.608  13.995     0.0285    10.0153     5.0085     3.3397      2.506     2.0067     1.6815     1.4465     1.3029     1.3029     1.3794           6.031           9.608
F150W  CLEAR          150    0.431   0.639   0.826    1.065    1.36  2.476    3.199   6.082   9.496  14.409     0.0299    10.0175     5.0096     3.3405     2.5067      2.007     1.6828     1.4485     1.3068     1.3068     1.4188           6.082           9.496
F150W2 CLEAR          150    0.429   0.655   0.872    1.129    1.57  2.394    3.454   6.245   9.474  14.467     0.0314    10.0182     5.0106     3.3417     2.5079     2.0098     1.6777      1.453     1.3131     1.3131     1.4413           6.245           9.474
F162M  CLEAR          162    0.448   0.676   0.879    1.093   1.401  2.537    3.311   6.152   9.202  14.982      0.034    10.0215     5.0122     3.3425      2.508     2.0084      1.686     1.4529     1.3165     1.3165     1.5144           6.152           9.202
F164N  CLEAR          164     0.45   0.682   0.888    1.094   1.414  2.546    3.329   6.175   9.117  15.087     0.0354    10.0226      5.013     3.3431     2.5083     2.0089     1.6869     1.4542     1.3199     1.3199     1.5455           6.175           9.117
F182M  CLEAR          182    0.493   0.743   0.958    1.183   1.502  2.513    3.569   5.693   8.919  15.826     0.0338    10.0258     5.0147     3.3442     2.5093     2.0096     1.6855     1.4567     1.3061     1.3061     1.5765           5.693           8.919
F187N  CLEAR          187    0.502   0.753   0.971    1.203   1.505  2.493     3.61   5.628   8.854  16.019     0.0341     10.027     5.0152     3.3446     2.5097     2.0097     1.6854     1.4576     1.3053     1.3053     1.5991           5.628           8.854
F200W  CLEAR          200    0.524   0.783   1.011    1.256   1.566  2.463    3.747   5.678   9.005  16.157     0.0326    10.0282     5.0157      3.345     2.5101     2.0101     1.6841     1.4585     1.3038     1.3038     1.5803           5.678           9.005
F210M  CLEAR          210    0.554   0.826   1.065    1.315   1.639  2.406    3.917   5.684   9.051  16.464     0.0321     10.031     5.0172     3.3461     2.5109     2.0109      1.683     1.4608      1.303      1.303     1.5954           5.684           9.051
F212N  CLEAR          212    0.562   0.837   1.078    1.332   1.657  2.402    3.962   5.701   9.086  16.507     0.0318    10.0317     5.0176     3.3463     2.5111      2.011     1.6828     1.4613     1.3029     1.3029     1.5928           5.701           9.086
F250M  CLEAR          250    0.318   0.469   0.606    0.741    0.91  1.118    2.184   2.881   4.969   8.793     0.0971    10.0309     5.0168     3.3458     2.5105     2.0102     1.6773     1.4589     1.2909     1.2909     1.5057           2.881           4.969
F277W  CLEAR          277    0.343   0.504    0.65    0.795   0.975  1.242    2.311   3.086   5.239   9.138     0.0888    10.0329     5.0178     3.3465     2.5111     2.0107     1.6787     1.4596     1.2929     1.2929     1.4991           3.086           5.239
F300M  CLEAR          300    0.373   0.547   0.703     0.86   1.047  1.316    2.501   3.255   5.667   9.566      0.074    10.0324     5.0174     3.3461     2.5108     2.0102     1.6779     1.4589     1.2897     1.2897     1.4548           3.255           5.667
F322W2 CLEAR          322    0.377   0.555   0.715    0.882   1.083  1.401    2.454   3.506   5.444   9.594     0.0918    10.0411     5.0223     3.3498     2.5141     2.0136     1.6825     1.4649     1.3079     1.3079     1.5756           3.506           5.444
F323N  CLEAR          323    0.404   0.593    0.76    0.932   1.128  1.419    2.694   3.485    6.06  10.074     0.0648    10.0333     5.0179     3.3464     2.5111     2.0104     1.6781     1.4594     1.2898     1.2898     1.4419           3.485            6.06
F335M  CLEAR          335    0.417   0.612   0.783    0.961   1.159  1.455    2.761   3.592   6.168  10.216     0.0633    10.0347     5.0187     3.3469     2.5115     2.0107     1.6784     1.4602     1.2914     1.2914     1.4442           3.592           6.168
F356W  CLEAR          356    0.434   0.638   0.817    1.003   1.209  1.516    2.843   3.765   6.214  10.349     0.0651    10.0387     5.0209     3.3486     2.5129      2.012     1.6798     1.4631      1.297      1.297     1.4687           3.765           6.214
F360M  CLEAR          360    0.445   0.654   0.836    1.024   1.232  1.536    2.923   3.806   6.452  10.511     0.0586    10.0366     5.0198     3.3477     2.5121     2.0112     1.6788     1.4614     1.2931     1.2931     1.4358           3.806           6.452
F405N  CLEAR          405    0.492   0.724   0.927    1.131    1.36  1.667    3.203   4.178   6.504  10.949     0.0641     10.049     5.0265     3.3527     2.5162      2.015     1.6823      1.472     1.3074     1.3074      1.518           4.178           6.504
F410M  CLEAR          410    0.494   0.727   0.931    1.136   1.367  1.678    3.207   4.205   6.555  11.067     0.0629    10.0485     5.0263     3.3525     2.5161     2.0149     1.6823     1.4713     1.3071     1.3071     1.5202           4.205           6.555
F430M  CLEAR          430    0.518   0.762   0.976    1.188    1.43  1.752    3.352   4.388   6.598  11.404     0.0656    10.0556     5.0301     3.3553     2.5183      2.017     1.6844     1.4774     1.3152     1.3152     1.5818           4.388           6.598
F444W  CLEAR          444    0.524   0.771    0.99    1.206   1.456  1.794    3.358   4.501   6.815  11.752     0.0608    10.0527     5.0285     3.3543     2.5175     2.0163     1.6839     1.4739     1.3135     1.3135     1.5716           4.501           6.815
F460M  CLEAR          460    0.559   0.821   1.053    1.281   1.541  1.889    3.595   4.719   6.878  12.118     0.0636    10.0628     5.0339     3.3581     2.5207     2.0192     1.6867     1.4833     1.3236     1.3236     1.6481           4.719           6.878
F466N  CLEAR          466    0.563   0.826   1.059    1.289   1.549  1.899    3.618   4.744   6.896  12.168     0.0635    10.0637     5.0343     3.3584     2.5209     2.0193     1.6869      1.484     1.3244     1.3244     1.6544           4.744           6.896
F470N  CLEAR          470     0.57   0.836   1.072    1.305   1.569  1.924    3.665   4.801   6.951  12.283      0.063    10.0647     5.0348     3.3588     2.5212     2.0197     1.6873      1.485     1.3256     1.3256     1.6627           4.801           6.951
F480M  CLEAR          480    0.583   0.856   1.097    1.337   1.607  1.976    3.757    4.92   7.083  12.515     0.0613    10.0659     5.0355     3.3593     2.5217     2.0201     1.6878     1.4863     1.3273     1.3273     1.6712            4.92           7.083
