# wavelength(um) flux(mJy)
1.401880020668465399e+01 -6.876344697822243113e-01
1.400481593675010394e+01 5.842055627544475577e-02
1.399081608917829911e+01 5.769072143530076108e-02
1.397680046839995427e+01 2.609306440689404538e-02
1.396276887884578777e+01 3.345491400699970169e-02
1.394872112494650196e+01 2.749059530095373516e-01
1.393465701113281696e+01 2.717388050863025484e-01
1.392057634183544756e+01 8.274358841684452057e-03
1.390647892148510145e+01 -1.543235067844510831e-03
1.389236455451249341e+01 3.001094939721145327e-02
1.387823304534834001e+01 3.709134485968964418e-02
1.386408419842335249e+01 8.368972061265583795e-02
1.384991781816824030e+01 7.514009892400605461e-02
1.383573370901372535e+01 4.249349592322720914e-02
1.382153167539050820e+01 -4.685472024346755936e-03
1.380731152172931431e+01 6.093707395961317497e-02
1.379307305246084603e+01 1.159144089326518134e-01
1.377881607201582526e+01 6.729454615480735813e-02
1.376454038482495434e+01 1.035651144352135178e-01
1.375024579531896052e+01 3.045931499825198924e-02
1.373593210792854435e+01 7.027060106785952553e-02
1.372159912708442597e+01 5.615518585615179165e-02
1.370724665721731306e+01 2.768660664921224548e-02
1.369287450275792217e+01 1.293668681879047988e-01
1.367848246813696456e+01 9.078058390592937121e-02
1.366407035778515855e+01 1.160833668564728444e-01
1.364963797613321006e+01 1.181599432170945679e-01
1.363518512761183210e+01 1.413686137305814050e-01
1.362071161665173769e+01 1.112103278834803283e-01
1.360621724768364693e+01 -3.959988087955618706e-03
1.359170182513826752e+01 4.925556915737348135e-02
1.357716515344631425e+01 2.924932280503982421e-02
1.356260703703849302e+01 4.410465257556733104e-02
1.354802728034552040e+01 1.103543416749563563e-02
1.353342568779811472e+01 3.451385258972320541e-02
1.351880206382697835e+01 1.237675969334039033e-01
1.350415621286283496e+01 1.126654628738516795e-01
1.348948793933639223e+01 1.978279009902550734e-01
1.347479704767836139e+01 1.694730498478027592e-01
1.346008334231945724e+01 1.510357209272549239e-01
1.344534662769040168e+01 1.174895765491408006e-01
1.343058670822188816e+01 1.430246738915723348e-01
1.341580338834464214e+01 1.591509461653348168e-01
1.340099647248937309e+01 1.374084875135415662e-01
1.338616576508678868e+01 1.158447635402066050e-01
1.337131107056762147e+01 1.532060631995390831e-01
1.335643219336255960e+01 1.700310268274243530e-01
1.334152893790232319e+01 1.338352118850872630e-01
1.332660110861763236e+01 1.526578929955072217e-01
1.331164850993919124e+01 1.528752397193015589e-01
1.329667094629771817e+01 1.594902251550130434e-01
1.328166822212392617e+01 1.654409570379221095e-01
1.326664014184852469e+01 1.534564512030997530e-01
1.325158650990222675e+01 1.866406253009621485e-01
1.323650713071574359e+01 2.251733221825235332e-01
1.322140180871978643e+01 1.569864281186366117e-01
1.320627034834507363e+01 1.908690196211000889e-01
1.319111255402231286e+01 8.828371609281411569e-02
1.317592823018222248e+01 1.342635175529194869e-01
1.316071718125550838e+01 2.660304294849917817e-01
1.314547921167289068e+01 2.413990995497984349e-01
1.313021412586506997e+01 2.800449700215225102e-01
1.311492172826277169e+01 2.438124632488420096e-01
1.309960182329670531e+01 2.501992498361867434e-01
1.308425421539757671e+01 1.902045478984394633e-01
1.306887870899609716e+01 2.309649064234347571e-01
1.305347510852299564e+01 1.962517673987209388e-01
1.303804321840896208e+01 2.021844407525654197e-01
1.302258284308472369e+01 2.663807902949330564e-01
1.300709378698098995e+01 2.576988336550630199e-01
1.299157585452847385e+01 2.648053837268332655e-01
1.297602885015788310e+01 2.750237435367040018e-01
1.296045257829993780e+01 2.541803363690255946e-01
1.294484684338534031e+01 2.942846168509725691e-01
1.292921144984481252e+01 2.459718341713727496e-01
1.291354620210906212e+01 2.565278357619205085e-01
1.289785090460880390e+01 2.677748252100784487e-01
1.288212536177474554e+01 3.131489579922049904e-01
1.286636937803760539e+01 2.094945371381928823e-01
1.285058275782808934e+01 2.723048977565654116e-01
1.283476530557691575e+01 3.054161004602277130e-01
1.281891682571479762e+01 2.807202814104633459e-01
1.280303712267244087e+01 2.907763336399727949e-01
1.278712600088056028e+01 2.591567523131677042e-01
1.277118326476986532e+01 2.294049225031258576e-01
1.275520871877108142e+01 2.011687465946483122e-01
1.273920216731490385e+01 2.324848996110393806e-01
1.272316341483205449e+01 2.735238598260586462e-01
1.270709226575323747e+01 2.241694826306837862e-01
1.269098852450917825e+01 2.406189022136871192e-01
1.267485199553058273e+01 2.553107494749959905e-01
1.265868248324815504e+01 2.213047462019748779e-01
1.264247979209261707e+01 1.643622302855796691e-01
1.262624372649468008e+01 2.056348241111746744e-01
1.260997409088505528e+01 1.597313752811549414e-01
1.259367068969445036e+01 1.663207597115905767e-01
1.257733332735358545e+01 1.214727586838513229e-01
1.256096180829316999e+01 1.646515336817707398e-01
1.254455593694390991e+01 1.330483430937711709e-01
1.252811551773652177e+01 1.635580831045440331e-01
1.251164035510172035e+01 1.712384781466541050e-01
1.249513025347021689e+01 1.596675230770652765e-01
1.247858501727271729e+01 1.710025156455028672e-01
1.246200445093994169e+01 1.683052416869133816e-01
1.244538835890259598e+01 1.622945206643794380e-01
1.242873654559139673e+01 1.246723443870168813e-01
1.241204881543705874e+01 1.941163596641690137e-01
1.239532497287028256e+01 1.876880266286654886e-01
1.237856482232179367e+01 2.744045425677443251e-01
1.236176816822229441e+01 2.539671668589332798e-01
1.234493481500249956e+01 2.582888844249173199e-01
1.232806456709312393e+01 3.367641140768733998e-01
1.231115722892487874e+01 3.964567486832467069e-01
1.229421260492847523e+01 4.589646560389207264e-01
1.227723049953462287e+01 5.140956460163830233e-01
1.226021071717403466e+01 6.326966701251439673e-01
1.224315306227742717e+01 7.264296326922634606e-01
1.222605733927551164e+01 8.478728440456829718e-01
1.220892335259898864e+01 9.529911290614987429e-01
1.219175090667858363e+01 1.107406262476539949e+00
1.217453980594500607e+01 1.209343184672730276e+00
1.215728985482896363e+01 1.385402290719576657e+00
1.214000085776116933e+01 1.601478286298030129e+00
1.212267261917233618e+01 1.759001034443471223e+00
1.210530494349318253e+01 1.707054353910534283e+00
1.208789763515440541e+01 1.893976794725944490e+00
1.207045049858672492e+01 1.951555543681795957e+00
1.205296333822085941e+01 2.062906152450212360e+00
1.203543595848751124e+01 2.131054483187568405e+00
1.201786816381739520e+01 2.275748141151214821e+00
1.200025975864122607e+01 2.237514519847640049e+00
1.198261054738971332e+01 2.232765313032993415e+00
1.196492033449356462e+01 2.248193910680841512e+00
1.194718892438350011e+01 2.162512576012545207e+00
1.192941612149022568e+01 2.139029384268243295e+00
1.191160173024445434e+01 2.109316880635801361e+00
1.189374555507690090e+01 2.063647406449474531e+00
1.187584740041827835e+01 1.950487733411124358e+00
1.185790707069928729e+01 1.852500626289150132e+00
1.183992437035064604e+01 1.730662295706625553e+00
1.182189910380307651e+01 1.600061478140131221e+00
1.180383107548727750e+01 1.482144668958197853e+00
1.178572008983396735e+01 1.342001357167555531e+00
1.176756595127384841e+01 1.203048552739752308e+00
1.174936846423764791e+01 1.105920555685664164e+00
1.173112743315606998e+01 9.739430538732740672e-01
1.171284266245981875e+01 8.644312626519737863e-01
1.169451395657961257e+01 7.437278216726203039e-01
1.167614111994616799e+01 6.418061763781387485e-01
1.165772395699019093e+01 5.378965320106462444e-01
1.163926227214239084e+01 4.628750951616166232e-01
1.162075586983348785e+01 3.947398071598861025e-01
1.160220455449419141e+01 3.521770604339266031e-01
1.158360813055520389e+01 3.105804903422731966e-01
1.156496640244725072e+01 2.722179144614555457e-01
1.154627917460102715e+01 2.441284119950067610e-01
1.152754625144726219e+01 2.129364423100635340e-01
1.150876743741666175e+01 2.072149012689091796e-01
1.148994253693993173e+01 1.691078152057250150e-01
1.147107135444778692e+01 1.633737488199181465e-01
1.145215369437094033e+01 1.517289261712303217e-01
1.143318936114010675e+01 1.471079176090274165e-01
1.141417815918598500e+01 1.595581358886988543e-01
1.139511989293930405e+01 1.659083714019612132e-01
1.137601436683076095e+01 1.813580286603935221e-01
1.135686138529108291e+01 2.083174380988442875e-01
1.133766075275096341e+01 2.304463903358490162e-01
1.131841227364112790e+01 2.715288643848987049e-01
1.129911575239228227e+01 2.935587127519681538e-01
1.127977099343513778e+01 3.191894552843360100e-01
1.126037780120040743e+01 3.440772482773060692e-01
1.124093598011880601e+01 3.614392363928329299e-01
1.122144533462103944e+01 3.697521562599995204e-01
1.120190566913781716e+01 3.814697427825131104e-01
1.118231678809985929e+01 3.873132540525525691e-01
1.116267849593787709e+01 4.046869209220185226e-01
1.114299059708257289e+01 3.975111349355620050e-01
1.112325289596466682e+01 4.141942280962906953e-01
1.110346519701486834e+01 4.137131137596292141e-01
1.108362730466387980e+01 4.100289954173846896e-01
1.106373902334243198e+01 4.100446277060328937e-01
1.104380015748121657e+01 4.046493984346898887e-01
1.102381051151095903e+01 3.900366026713295575e-01
1.100376988986235993e+01 3.999472705171462916e-01
1.098367809696614472e+01 3.906438248145114311e-01
1.096353493725301398e+01 3.989353168560362262e-01
1.094334021515368249e+01 4.056719824961298460e-01
1.092309373509885972e+01 4.111816660366918175e-01
1.090279530151926046e+01 4.047837516140016523e-01
1.088244471884559239e+01 3.994138329692999978e-01
1.086204179150857208e+01 3.803891929643581915e-01
1.084158632393890720e+01 3.733424529458751473e-01
1.082107812056730722e+01 3.572175679194125597e-01
1.080051698582448871e+01 3.602647645542306765e-01
1.077990269281307967e+01 3.827460420234411465e-01
1.075923481582061925e+01 4.046333151023462360e-01
1.073851260374340555e+01 4.334829441778771386e-01
1.071773523195761868e+01 4.731056326489809782e-01
1.069690187583943164e+01 5.050073892544076903e-01
1.067601171076502631e+01 5.491350380175228363e-01
1.065506391211057569e+01 5.805300169196735416e-01
1.063405765525224922e+01 5.978184547535301263e-01
1.061299211556622879e+01 5.956962735676942788e-01
1.059186646842868917e+01 5.846416798680946769e-01
1.057067988921579982e+01 5.687680478279750762e-01
1.054943155330374971e+01 5.379480170151696994e-01
1.052812063606870474e+01 4.901226612118943504e-01
1.050674631288683614e+01 4.395400829569461321e-01
1.048530775913433111e+01 3.943775942679356161e-01
1.046380415018735555e+01 3.574743067385692252e-01
1.044223466142208245e+01 3.171043488956240552e-01
1.042059846821470082e+01 2.870444303210837322e-01
1.039889474594137297e+01 2.697223382491006904e-01
1.037712266997827903e+01 2.592943136003395543e-01
1.035528141570159555e+01 2.470130280507751575e-01
1.033337015848749552e+01 2.464449082686523684e-01
1.031138807371215371e+01 2.417176880463805799e-01
1.028933433675174847e+01 2.356304517436847157e-01
1.026720812298245455e+01 2.421199306123336392e-01
1.024500860778044320e+01 2.351083669783970154e-01
1.022273496652189273e+01 2.225510052276096773e-01
1.020038637458297615e+01 2.007118291035357716e-01
1.017796200733987000e+01 1.752277473215092252e-01
1.015546104016874551e+01 1.518151298465906518e-01
1.013288264844578634e+01 1.345083882421418964e-01
1.011022600754715661e+01 1.190785112907789961e-01
1.008749029284903997e+01 1.094611590766584597e-01
1.006467467972760588e+01 1.010470788717423435e-01
1.004177834355903620e+01 9.766457861011704211e-02
1.001880045971949862e+01 9.489780966241125049e-02
9.995740203585169681e+00 9.175881163778260019e-02
9.972596750532222387e+00 8.967144013315506146e-02
9.949369275936843948e+00 8.846263428341674673e-02
9.926056955175186047e+00 8.678862298797979102e-02
9.902658963623446553e+00 9.259494657474215407e-02
9.879174476657789583e+00 9.637679127094338216e-02
9.855602669654386361e+00 9.699359847547400770e-02
9.831942717989418767e+00 1.030703049057581089e-01
9.808193797039052697e+00 1.049530639249966757e-01
9.784355082179471808e+00 1.078017818461614041e-01
9.760425748786847322e+00 1.136372701447098815e-01
9.736404972237354016e+00 1.138893826764914435e-01
9.712291927907171996e+00 1.146224101095489611e-01
9.688085791172467154e+00 1.215589633603019748e-01
9.663785737409414267e+00 1.209587890443196423e-01
9.639390941994193440e+00 1.233480799326529542e-01
9.614900580302972344e+00 1.240607612526724163e-01
9.590313827711936412e+00 1.257010021972855829e-01
9.565629859597247986e+00 1.278747091310823703e-01
9.540847851335087171e+00 1.291958999522421769e-01
9.515966978301632295e+00 1.300963839646398501e-01
9.490986415873043924e+00 1.398835485489054453e-01
9.465905339425516374e+00 1.608909504629482956e-01
9.440722924335206656e+00 2.032500070554559279e-01
9.415438345978301982e+00 2.671778935083346518e-01
9.390050779730968245e+00 3.697196493627675773e-01
9.364559400969381997e+00 4.803608977026110893e-01
9.338963385069716239e+00 5.600314873818293959e-01
9.313261907408145746e+00 5.981901618569683832e-01
9.287454143360845293e+00 6.017979676544128464e-01
9.261539268303991435e+00 5.982093955267673291e-01
9.235516457613753616e+00 6.004379890841464729e-01
9.209384886666313719e+00 5.975419301286098994e-01
9.183143730837839414e+00 5.895772718259582046e-01
9.156792165504500147e+00 5.893759251886819817e-01
9.130329366042486683e+00 5.880221963104715899e-01
9.103754507827957809e+00 5.847723192578356821e-01
9.077066766237093631e+00 5.853959685319626294e-01
9.050265316646061819e+00 5.715070575910592421e-01
9.023349334431046032e+00 5.676944456639718695e-01
8.996317994968217491e+00 5.583250311709466729e-01
8.969170473633743867e+00 5.569667255390563509e-01
8.941905945803808820e+00 5.511629530443139524e-01
8.914523586854581794e+00 5.492086884193123630e-01
8.887022572162235790e+00 5.558413126872797649e-01
8.859402077102942030e+00 5.577386092032766696e-01
8.831661277052877068e+00 5.637825267432501342e-01
8.803799347388221008e+00 5.451328136387088019e-01
8.775815463485141521e+00 5.061393734441574921e-01
8.747708800719808053e+00 4.432198189636428753e-01
8.719478534468407815e+00 3.805007618967794492e-01
8.691123840107097820e+00 3.610689263564999529e-01
8.662643893012068830e+00 3.767874860961807348e-01
8.634037868559483186e+00 4.152145471399446008e-01
8.605304942125517442e+00 4.541638770262683700e-01
8.576444289086351702e+00 4.896953883091826332e-01
8.547455084818148308e+00 5.190613122655443057e-01
8.518336504697087364e+00 5.329747298329399197e-01
8.489087724099340093e+00 5.397146546185509486e-01
8.459707918401084825e+00 5.295624150447469924e-01
8.430196262978496335e+00 5.088971267360213879e-01
8.400551738224065090e+00 4.906849368973620340e-01
8.370772082360160127e+00 4.457132448671652925e-01
8.340852989487203217e+00 3.791388839523711085e-01
8.310789691404705692e+00 2.890661269750287587e-01
8.280577419912168224e+00 2.101526297989776693e-01
8.250211406809112802e+00 1.402691694764419961e-01
8.219686883895034768e+00 1.052576529907002650e-01
8.188999082969447230e+00 9.127088874921984729e-02
8.158143235831859741e+00 8.953892772501347019e-02
8.127114574281778303e+00 9.113900121422198464e-02
8.095908330118716023e+00 9.821635739172451807e-02
8.064519735142171797e+00 1.069262305867964419e-01
8.032944021151660507e+00 1.173418790659571248e-01
8.001176419946682827e+00 1.265470374968191702e-01
7.969212163326750087e+00 1.367123802288582046e-01
7.937046483091378946e+00 1.386674893108862938e-01
7.904674611040062082e+00 1.440031603321253184e-01
7.872091778972316156e+00 1.438289759957368519e-01
7.839293218687640952e+00 1.411983060082757369e-01
7.806274161985552240e+00 1.400393929868343212e-01
7.773029840665547141e+00 1.389372902653543129e-01
7.739555486527141426e+00 1.387657849161588741e-01
7.705846331369840208e+00 1.502321254544271567e-01
7.671897606993145047e+00 1.910566466017264431e-01
7.637704545196569939e+00 2.986302038496050359e-01
7.603262377779617331e+00 4.939971617166047935e-01
7.568566336541792339e+00 7.307148670768737198e-01
7.533611653282604514e+00 9.377742919967051449e-01
7.498393559801559860e+00 1.084613271204800888e+00
7.462907287898164377e+00 1.147079315384810450e+00
7.427148069371921402e+00 1.131850579097036125e+00
7.391111136022343153e+00 1.069063639228160945e+00
7.354791719648930304e+00 9.817262594509483797e-01
7.318185052051190631e+00 8.511701101582728191e-01
7.281286365028629248e+00 7.477510519230485819e-01
7.244090890380750380e+00 6.203048123072441022e-01
7.206593859907069799e+00 5.383059523386426459e-01
7.168790505407082847e+00 5.128594271483178924e-01
7.130676058680294638e+00 4.996582803052002086e-01
7.092245751526218278e+00 5.112075896555043908e-01
7.053494815744355328e+00 4.873502447505767554e-01
7.014418483134208238e+00 4.503815876965053810e-01
6.975011985495286559e+00 4.115717414873797941e-01
6.935270554627095407e+00 3.955514073980892498e-01
6.895189422329138118e+00 3.889631852329773487e-01
6.854763820400919805e+00 3.749319987492044093e-01
6.813988980641948245e+00 3.494987115137137001e-01
6.772860134851726777e+00 3.256263122184031578e-01
6.731371286912258611e+00 2.930215221896085853e-01
6.689508608636503872e+00 2.391131806442341468e-01
6.647245361490262461e+00 1.720754375501835631e-01
6.604551886262583160e+00 1.137640548419557862e-01
6.561398523742530742e+00 8.035798124629074668e-02
6.517755614719162871e+00 6.874244659692196890e-02
6.473593499981538102e+00 6.804206274297373847e-02
6.428882520318717653e+00 7.151763801148225408e-02
6.383593016519754748e+00 7.898987576244954900e-02
6.337695329373715047e+00 8.811853300300309666e-02
6.291159799669648223e+00 8.575868429716351771e-02
6.243956768196613716e+00 6.941792190643773786e-02
6.196056575743668304e+00 5.587953107828105836e-02
6.147429563099868766e+00 4.837635480862347015e-02
6.098046071054270101e+00 4.351060799953135327e-02
6.047876440395929976e+00 4.190194280122593734e-02
5.996891011913899838e+00 4.123497426321982851e-02
5.945060126397236466e+00 4.124182084907076357e-02
5.892354124634992196e+00 4.137082304442588065e-02
5.838743347416226470e+00 4.276818995384558397e-02
5.784198135529985407e+00 4.271282992304840237e-02
5.728688829765331114e+00 4.153718317083696793e-02
5.672185770911311486e+00 3.908529832176749208e-02
5.614659299756978861e+00 3.976845707189304718e-02
5.556072512525340734e+00 4.132707749088329607e-02
5.496342277312558977e+00 4.260722353047374095e-02
5.435309214476640172e+00 4.263140271910393492e-02
5.372796693273387270e+00 4.107129199145288789e-02
5.308628082958590788e+00 3.572943120899776254e-02
5.242626752788042133e+00 3.249632867256054686e-02
5.174616072017535373e+00 3.175969445147673598e-02
5.104419409902860139e+00 3.346954619020706123e-02
5.031860135699801617e+00 3.395088685168569376e-02
4.956761618664146773e+00 3.423201026183494977e-02