# wavelength(um) flux(mJy)
6.010113275815848199e-01 8.518697142218338569e-02
6.053288458440780895e-01 8.083134692638717367e-02
6.097413483493999697e-01 6.430551384303995199e-02
6.142499000129894027e-01 6.451172258373737145e-02
6.188517565716189495e-01 6.943672897322297755e-02
6.235501562255533203e-01 7.645722611983708783e-02
6.283486286539199384e-01 6.864452250342584216e-02
6.332506866318071692e-01 5.361013923902062384e-02
6.382598232323984933e-01 4.820126367995045125e-02
6.433795090084925006e-01 6.016588735711774633e-02
6.486131891569195673e-01 8.580290462556662556e-02
6.539642806693609645e-01 9.401928305514530015e-02
6.594361694739528934e-01 1.062831012300687467e-01
6.650362779367781085e-01 1.090075204169370371e-01
6.707706602890806113e-01 8.794934747766297578e-02
6.766418267508831352e-01 6.679500634403612302e-02
6.826492150820536731e-01 5.865094436851479159e-02
6.887959873027978963e-01 6.782582399226957937e-02
6.950900005331456244e-01 8.773494397180398030e-02
7.015483989365823847e-01 9.507336486062324676e-02
7.081609471975005565e-01 1.324742232367921435e-01
7.149304630134211136e-01 1.957173423632384279e-01
7.218825552127449141e-01 2.350976474933576532e-01
7.290009028600140661e-01 2.289302590577826368e-01
7.363050192032291053e-01 1.895896668953281627e-01
7.437953494428478640e-01 1.739385696248604285e-01
7.514804890370337942e-01 1.501178392924822358e-01
7.593612964300583412e-01 1.020949986268731152e-01
7.674579215106601682e-01 6.545295029276738952e-02
7.757576724218433473e-01 5.706779733276406974e-02
7.842827008727202287e-01 5.941765297678511942e-02
7.930390637095491302e-01 6.109027918199309154e-02
8.020253686008783633e-01 5.863719238301957210e-02
8.112510807167376825e-01 4.541383757043456620e-02
8.207251047666347388e-01 2.738453904416507032e-02
8.304573766347412844e-01 2.537096701483039854e-02
8.404524752071357296e-01 3.061683029587387167e-02
8.507172448133968334e-01 5.894116312737231883e-02
8.605324350215833862e-01 1.131145919662441268e-01
8.713422651590717605e-01 1.386719072678674336e-01
8.824408113135930876e-01 1.247546195790912998e-01
8.938324706905367290e-01 1.269011275849603881e-01
9.055264378095362332e-01 1.247392172029380963e-01
9.175359159860346780e-01 1.361251475843315573e-01
9.298494150754824661e-01 2.073927686564549788e-01
9.424926648996844181e-01 2.406017775175530726e-01
9.554491726181534306e-01 1.959356848197342238e-01
9.687388784622034121e-01 1.792974602654223149e-01
9.823561258013810971e-01 1.662557822767230242e-01
9.963017070511621665e-01 1.049381828241651576e-01
1.010578533231609066e+00 7.129471391102421007e-02
1.025187689305673722e+00 8.352359532278214038e-02
1.040128502999975169e+00 6.688065121831628101e-02
1.055398626707038323e+00 3.880961716767299813e-02
1.070994130708445624e+00 2.324692448815017520e-02
1.086909605881932306e+00 1.837720374451995778e-02
1.103138274015808884e+00 1.557508473540340603e-02
1.119672103871027780e+00 1.416475949581742604e-02
1.136509385307702624e+00 1.323601586819142355e-02
1.153634671200855388e+00 8.894763340832174958e-03
1.171039131817746659e+00 5.616335655605471898e-03
1.188712579250931212e+00 4.443290149486439633e-03
1.206641662646940949e+00 4.945319796959147217e-03
1.224811661159868281e+00 8.267832123845565012e-03
1.243213510172802794e+00 3.705679114442381183e-02
1.261827988248740651e+00 9.124572664041226411e-02
1.280640999235116650e+00 1.009095588121312059e-01
1.299638698924911351e+00 7.719267999143511472e-02
1.318805661051989375e+00 6.139476465402483180e-02
1.338125061979223762e+00 4.751256468020324808e-02
1.357581529962219369e+00 2.442007210858539515e-02
1.377159739306161867e+00 2.183566330885557127e-02
1.396844546140219245e+00 1.666932533522240412e-02
1.416621104794390629e+00 8.836598953695656497e-03
1.436474965695317962e+00 5.537764817536980529e-03
1.456392155942469069e+00 4.617438155976602045e-03
1.476359243882165106e+00 4.993164597186259233e-03
1.496363389101157404e+00 8.021255812109509553e-03
1.516392379301660265e+00 1.888621719538545463e-02
1.536434655524939297e+00 4.231306745793116803e-02
1.556479327152931358e+00 5.528535358140618944e-02
1.576516178058127826e+00 4.221939623500872707e-02
1.596535665189477982e+00 3.485717653872483918e-02
1.616528910791869000e+00 4.524278434282447831e-02
1.636487689349900077e+00 7.694094359583787679e-02
1.656404410247338532e+00 8.746085743359999221e-02
1.676272097025647501e+00 8.343769619892935085e-02
1.696084364023455748e+00 5.553477418379190039e-02
1.715835391080446026e+00 4.249585079149549582e-02
1.735519896899397674e+00 4.002643144080144516e-02
1.755133111573991656e+00 4.259227014668973826e-02
1.774670351951993519e+00 3.721089963749209945e-02
1.794127957636033832e+00 4.574542354091652718e-02
1.813502600940920084e+00 5.745559970562177238e-02
1.832791270058705013e+00 5.502702222054241948e-02
1.851991328630983480e+00 2.804716652606681002e-02
1.871100490104334657e+00 1.371067218382267423e-02
1.890116793018551622e+00 1.491852745972664998e-02
1.909037198533986901e+00 2.250498979449851861e-02
1.927861409384490354e+00 3.238844136432789123e-02
1.946588387805672005e+00 3.761178727509197073e-02
1.965217245513070754e+00 3.844912606304250885e-02
1.983745387071315758e+00 3.291790641101596110e-02
2.002173807957936535e+00 3.597173414650640250e-02
2.020502463093936996e+00 3.432847613938290465e-02
2.038729201311557215e+00 3.931733639424545013e-02
2.056855188286315084e+00 3.404721851497768959e-02
2.074881011658559871e+00 2.611221972265838354e-02
2.092804228143249734e+00 2.083765965720806371e-02
2.110628059545312851e+00 2.514391958246752629e-02
2.128350287314523026e+00 3.235859793143218421e-02
2.145973147859073560e+00 3.812509368401537091e-02
2.163495719158232689e+00 4.211151873437518622e-02
2.180919635167360315e+00 5.176457142166208253e-02
2.198244249360726155e+00 6.381824633004229419e-02
2.215471848836897184e+00 6.922995657012795401e-02
2.232600735414042248e+00 6.954943481721224952e-02
2.249634425894034617e+00 8.560529067823363647e-02
2.266570958168812044e+00 6.773469490253987424e-02
2.283412901987844190e+00 5.890336746249787842e-02
2.300161441891102054e+00 3.939502828552331887e-02
2.316814803125591293e+00 3.281501956795276898e-02
2.333376455371632741e+00 3.801798330760766675e-02
2.349847129345754126e+00 4.134052176274308904e-02
2.365125223857013292e+00 4.412349584844939970e-02
2.381420583892609688e+00 4.164340858730231076e-02
2.397626527819916920e+00 3.438824671027135293e-02
2.413744739157291264e+00 2.426203520416711154e-02
2.429775368986226258e+00 1.403588505314668985e-02
2.445719788912732895e+00 7.545614814103948284e-03
2.461578658996837365e+00 5.528320155330296130e-03
2.477352929995516373e+00 5.139043250972343858e-03
2.493043809372605057e+00 4.813707014966165862e-03
2.508652158352641326e+00 5.552694203580328322e-03
2.524178712120615398e+00 6.111150035908529711e-03
2.539624228193626099e+00 5.012254921818868475e-03
2.554989886888078043e+00 5.045047698152391354e-03
2.570276559166793984e+00 4.979997179254290127e-03
2.585485116114971671e+00 5.902825070148530646e-03
2.600616428102606736e+00 5.564921319746726942e-03
2.615671364011803224e+00 3.901985875660046819e-03
2.630650790524611704e+00 4.585164063479335583e-03
2.645555571467331557e+00 4.094409673578987101e-03
2.660386567208927300e+00 4.976099726866179546e-03
2.675144634108300501e+00 7.207704397102172866e-03
2.689830624008768378e+00 7.334999279568088330e-03
2.704445383775724743e+00 7.167283136863349634e-03
2.718989665617303597e+00 8.509768737244769593e-03
2.733464043861293380e+00 8.702314783421961908e-03
2.747869643578759291e+00 9.633333133722572078e-03
2.762207288977156505e+00 1.110012410403236199e-02
2.776477797535090719e+00 1.385541798548242318e-02
2.790681697375181791e+00 1.581710385836862867e-02
2.804819652662755569e+00 1.955696721798218934e-02
2.818892634716248402e+00 2.521057500789011807e-02
2.832901011174944639e+00 3.209972170078795317e-02
2.846846133680110302e+00 3.855145328223349988e-02
2.860728552145885395e+00 4.504702266181581649e-02
2.874548528144874826e+00 4.258717562783112531e-02
2.888306817976025176e+00 4.545893671582607737e-02
2.902004493520710326e+00 6.651044098331722332e-02
2.915642342109450613e+00 6.611068393195985993e-02
2.929220518860588207e+00 5.842019103156486509e-02
2.942739420023347652e+00 5.101092971764827760e-02
2.956200834961674406e+00 4.358073478978517767e-02
2.969604422120224019e+00 0.03754967
2.982950779714681033e+00 0.03151861
2.996241392171047568e+00 0.02548754
3.009476104839818866e+00 1.945647949658516410e-02
3.022655304521258746e+00 2.061946991960434891e-02
3.035780705554192327e+00 2.149443702872270642e-02
3.048851679327878372e+00 2.168658053222503185e-02
3.061869226376899178e+00 2.292919297947085613e-02
3.074834371050936266e+00 2.360211883085383544e-02
3.087746722853319969e+00 2.947322247319427921e-02
3.100608013397650797e+00 4.007556990510557221e-02
3.113417544153430860e+00 7.007155664963549135e-02
3.126176865346984801e+00 9.966287892301507745e-02
3.138885815833744708e+00 1.110088335543658045e-01
3.151545098115175136e+00 1.154783728961481098e-01
3.164155579885796765e+00 1.111552512708617463e-01
3.176716967008947012e+00 1.222094916274023835e-01
3.189230795222945058e+00 1.305193502994054233e-01
3.201696384486982350e+00 1.404974304316041200e-01
3.214115338332706795e+00 1.474243789143447891e-01
3.226487181076272748e+00 1.442039004635406740e-01
3.238813004072067958e+00 1.473296058569005529e-01
3.251093106234946184e+00 1.525827273422773744e-01
3.263327506585380622e+00 1.600519580106355422e-01
3.275517540545686224e+00 1.646956075372154882e-01
3.287662480328194636e+00 1.658756090663697502e-01
3.299764090981578857e+00 1.582177234138411326e-01
3.311821481179506144e+00 1.547745226746722047e-01
3.323836080327908782e+00 1.251665448442180473e-01
3.335807928983329340e+00 7.417628599377934506e-02
3.347736801216033342e+00 3.807532114942505791e-02
3.359624468145768095e+00 1.511915476609015062e-02
3.371469986912082550e+00 9.515230381980616797e-03
3.383274368549593181e+00 1.878056592394398289e-02
3.395038315655305006e+00 2.009405849040167558e-02
3.406761294445441290e+00 2.019212540552640239e-02
3.418444442184889631e+00 2.097391719640118862e-02
3.430088109326324020e+00 2.139596151925521328e-02
3.441691951372145564e+00 1.937759177350067974e-02
3.453256968617764766e+00 2.036840859104280602e-02
3.464783689024880431e+00 1.822920804726344338e-02
3.476271691895156390e+00 1.574377836643401155e-02
3.487721589741877626e+00 1.632526874710785170e-02
3.499134449709608852e+00 1.628368930894625796e-02
3.510509705658989343e+00 1.500008197221757399e-02
3.521847650969804455e+00 1.361599007551394028e-02
3.533149209778586375e+00 1.320747409569472501e-02
3.544414850427497488e+00 1.247350267575629383e-02
3.555644068385780621e+00 1.255708789999136939e-02
3.566837274642680189e+00 1.552325838472104307e-02
3.577995335555997691e+00 1.597937125078593285e-02
3.589118655649197187e+00 1.237004765025439233e-02
3.600206893489299897e+00 1.146676806469863405e-02
3.611260465543662423e+00 1.180579452285191421e-02
3.622279683125277483e+00 1.423127386009425191e-02
3.633265243684984380e+00 1.520977007266569904e-02
3.644217398611474756e+00 1.510588928282826163e-02
3.655135860007171722e+00 1.224703694363741061e-02
3.666021191016120451e+00 1.183331390745660967e-02
3.676873425965500264e+00 1.296715198755912096e-02
3.687693288692894811e+00 1.254764224404337526e-02
3.698481019103109446e+00 1.440778278437605288e-02
3.709236854990990651e+00 1.570711160564244174e-02
3.719960633605257527e+00 1.549564906259505957e-02
3.730652909024037012e+00 1.380738353191980280e-02
3.741313664330288002e+00 1.670868133968517535e-02
3.751943393707008578e+00 1.996318279641694921e-02
3.762542432076696475e+00 2.109560377948787452e-02
3.773111004396880741e+00 2.077575968543644153e-02
3.783649333650899838e+00 2.202481852538931695e-02
3.794157640865968961e+00 2.216091984892881728e-02
3.804635987563408595e+00 2.357155245591253945e-02
3.815084602549295489e+00 2.357216463307711465e-02
3.825503868097039906e+00 2.415900499427589901e-02
3.835893927522895375e+00 2.357139793954234411e-02
3.846254886259007133e+00 2.215852126790786303e-02
3.856587149663758929e+00 2.067607746021505807e-02
3.866890925062640871e+00 2.188940670629547711e-02
3.877166417972290891e+00 2.380708689406466419e-02
3.887413832117740053e+00 2.154625434462333414e-02
3.897633369449259089e+00 2.201882655459670365e-02
3.907825230159278629e+00 2.019809678326644348e-02
3.917989612699283697e+00 1.816031453747793054e-02
3.928126713796192160e+00 1.528253352633116013e-02
3.938236728469100445e+00 5.052740127478585856e-03
3.948319850045578949e+00 3.752922402481619654e-04
3.958376270177961676e+00 8.011197136383069184e-03
3.968406178859411604e+00 1.337978846120280695e-02
3.978409764440048235e+00 1.513765183742352312e-02
3.988387213642831775e+00 1.710279857138100046e-02
3.998338711579193294e+00 1.823800611167108315e-02
4.008264441764787023e+00 1.992259758110129925e-02
4.018164586135001493e+00 2.042047640786738213e-02
4.028039325060305487e+00 2.168381256433035004e-02
4.037888837361329308e+00 2.324408609452660243e-02
4.047713300324321750e+00 2.705620847106173302e-02
4.057512889715902737e+00 2.924869674847263915e-02
4.067287779797869263e+00 3.232195254269569495e-02
4.077038143342121224e+00 3.153148760376200954e-02
4.086764151645062348e+00 3.047669647419308167e-02
4.096465974542215172e+00 3.328072078440582476e-02
4.106143780422427447e+00 3.824363342778284991e-02
4.115797736242249094e+00 3.311421993998434066e-02
4.125427802847425163e+00 3.268175853742544268e-02
4.135034302540398166e+00 2.267023663646043630e-02
4.144617430506843725e+00 2.554613485133065687e-02
4.154177156234997170e+00 3.346207004154577030e-02
4.163713727520558017e+00 3.126419724571402603e-02
4.173227394097058784e+00 3.360964847320705579e-02
4.182718313623431605e+00 3.323288222216462529e-02
4.192186642430965726e+00 2.778367423668368086e-02
4.201632535536384161e+00 3.299259057462725075e-02
4.211056146654871490e+00 3.332010626925069330e-02
4.220457454073816450e+00 3.551457360256186913e-02
4.229836566601254511e+00 3.370030068259457362e-02
4.239193649128716324e+00 3.402194957266577863e-02
4.248528809955995023e+00 3.260460777145003652e-02
4.257842414138227838e+00 3.531530880750057000e-02
4.267134608153127395e+00 3.465922305605436543e-02
4.276405537260369982e+00 3.435157750875481725e-02
4.285655302446791381e+00 3.328848584662281312e-02
4.294883652141018082e+00 3.565767835502584027e-02
4.304090895710569242e+00 3.541850215164855237e-02
4.313277184398267572e+00 3.393950368517421184e-02
4.322442894538441216e+00 2.865715141400495061e-02
4.331588164612418801e+00 2.217611019056384136e-02
4.340713129543267712e+00 2.168279679693353029e-02
4.349817377515038608e+00 2.359859677565453312e-02
4.358901204351636416e+00 2.596077498384830387e-02
4.367964925759277861e+00 2.791662289811452577e-02
4.377008862192721672e+00 2.274714234026124771e-02
4.386033145722296744e+00 2.450822191446917764e-02
4.395037494781086629e+00 2.678307284081744497e-02
4.404021936735852627e+00 2.722100876843265571e-02
4.412986780240879092e+00 3.023558345113565998e-02
4.421932469301423474e+00 3.028970073124015450e-02
4.430859130952497615e+00 2.914225627234531130e-02
4.439766320027971780e+00 2.921859791072062285e-02
4.448654096477664410e+00 2.629161150438427685e-02
4.457523058701732488e+00 2.961075878207958256e-02
4.466373473531451310e+00 3.079988355226523367e-02
4.475205163523889418e+00 2.096349825412397588e-02
4.484017818821384616e+00 2.829566321147573837e-02
4.492811868509194007e+00 2.999141675422974801e-02
4.501587836831355993e+00 3.039743515334839691e-02
4.510345631465074057e+00 3.017887225251371028e-02
4.519084759504646165e+00 2.802113203068817837e-02
4.527805659432722507e+00 3.378949659368885028e-02
4.536508930519278948e+00 3.190850576000082289e-02
4.545194390070037116e+00 2.841754413168148113e-02
4.553861541608404728e+00 2.955854878434208827e-02
4.562511004774376211e+00 3.093781968674638033e-02
4.571143278583037706e+00 3.241756692083078845e-02
4.579757921300207535e+00 3.287090359631098663e-02
4.588354605368192729e+00 3.423425175032216577e-02
4.596934296673900633e+00 3.190052441817092799e-02
4.605497114119331492e+00 2.733522104930706520e-02
4.614042222612243727e+00 3.160992956341814736e-02
4.622570214259511090e+00 3.301029829751624123e-02
4.631081752134085683e+00 3.314751442762964295e-02
4.639576291087160520e+00 3.335708630380281037e-02
4.648053455202217243e+00 3.359326416600351417e-02
4.656514460868627303e+00 2.850044919134767096e-02
4.664958996503306032e+00 3.274324826277601880e-02
4.673386396201436810e+00 3.239878109048727195e-02
4.681797711296901809e+00 1.913667692964707984e-02
4.690192990306432996e+00 2.128536681760099733e-02
4.698571367907718788e+00 3.044977599463863024e-02
4.706933817360650529e+00 2.785860781532929764e-02
4.715280572261822734e+00 2.417817513610952262e-02
4.723610656008578879e+00 2.198733413063353945e-02
4.731925048439997283e+00 2.572499948743982301e-02
4.740223997902659470e+00 2.899238432741511884e-02
4.748506502286745423e+00 2.710818251506869406e-02
4.756773630401293751e+00 2.580230283303598660e-02
4.765025479569909628e+00 2.405150387423326055e-02
4.773261105651626757e+00 2.411030864876451824e-02
4.781481746618342576e+00 2.088283307014388024e-02
4.814211031770072147e+00 2.712225885607148779e-02
4.822355170917320244e+00 2.376204720172257409e-02
4.830485008097499922e+00 2.221497473054683675e-02
4.838599187819771608e+00 2.232137683207374018e-02
4.846698825188782145e+00 2.541256866450753230e-02
4.854784019273630236e+00 2.511614279019442134e-02
4.862853763833718368e+00 2.748173630403355841e-02
4.870909623172727798e+00 2.976966662141179373e-02
4.878950450444540898e+00 2.857746041346129195e-02
4.886976772826103321e+00 3.224262279474197912e-02
4.894989186889034727e+00 3.079148441841875194e-02
4.902986483161360987e+00 2.809743474678182487e-02
4.910970190267904378e+00 2.976047255461247015e-02
4.918939264710972203e+00 3.012573936627953655e-02
4.926894175304915358e+00 3.053754356614917995e-02
4.934835495663492999e+00 2.947558526276428115e-02
4.942762020578638449e+00 2.933644444381672267e-02
4.950675442897588319e+00 2.669519783899826360e-02
4.958574221987916530e+00 3.060038773763697206e-02