# wavelength(um) flux(mJy)
3.482750000000000012e-01 8.022179999999999589e-02
3.493879999999999764e-01 1.089870000000000005e-01
3.505010000000000070e-01 8.627179999999999571e-02
3.516139999999999821e-01 1.091170000000000057e-01
3.527270000000000127e-01 1.018789999999999973e-01
3.538399999999999879e-01 1.014759999999999968e-01
3.549530000000000185e-01 9.365420000000000689e-02
3.560659999999999936e-01 1.007389999999999952e-01
3.571799999999999975e-01 7.879790000000000405e-02
3.582929999999999726e-01 8.122790000000000565e-02
3.594060000000000032e-01 8.452030000000000654e-02
3.605189999999999784e-01 7.394950000000000134e-02
3.616320000000000090e-01 7.730689999999999784e-02
3.627449999999999841e-01 7.636930000000000107e-02
3.638580000000000148e-01 8.349330000000000640e-02
3.649709999999999899e-01 6.320610000000000117e-02
3.660840000000000205e-01 6.356050000000000588e-02
3.671969999999999956e-01 8.472889999999999588e-02
3.683100000000000263e-01 7.282279999999999309e-02
3.694230000000000014e-01 6.504780000000000284e-02
3.705359999999999765e-01 6.888579999999999703e-02
3.716490000000000071e-01 7.494750000000000023e-02
3.727619999999999822e-01 4.902209999999999901e-02
3.738750000000000129e-01 4.996769999999999684e-02
3.749879999999999880e-01 3.227499999999999813e-02
3.761010000000000186e-01 4.381249999999999728e-02
3.772139999999999938e-01 2.509959999999999969e-02
3.783270000000000244e-01 2.115550000000000069e-02
3.794399999999999995e-01 2.006720000000000032e-02
3.805529999999999746e-01 1.252460000000000032e-02
3.816660000000000053e-01 2.322240000000000068e-02
3.827789999999999804e-01 3.464819999999999706e-02
3.838920000000000110e-01 1.998360000000000067e-02
3.850060000000000149e-01 5.584360000000000018e-02
3.861189999999999900e-01 6.311899999999999455e-02
3.872320000000000206e-01 8.203009999999999469e-02
3.883449999999999958e-01 9.234979999999999578e-02
3.894580000000000264e-01 9.790759999999999741e-02
3.905710000000000015e-01 1.074100000000000055e-01
3.916839999999999766e-01 1.218970000000000053e-01
3.927970000000000073e-01 1.211480000000000057e-01
3.939099999999999824e-01 1.286190000000000111e-01
3.950230000000000130e-01 1.439809999999999979e-01
3.961359999999999881e-01 1.386610000000000065e-01
3.972490000000000188e-01 1.389980000000000104e-01
3.983619999999999939e-01 1.349299999999999944e-01
3.994750000000000245e-01 1.398820000000000063e-01
4.002169999999999894e-01 1.319110000000000005e-01
4.005879999999999996e-01 1.234989999999999977e-01
4.009590000000000098e-01 1.146770000000000012e-01
4.013300000000000201e-01 1.238849999999999951e-01
4.017009999999999748e-01 1.226750000000000063e-01
4.020719999999999850e-01 1.279790000000000094e-01
4.024429999999999952e-01 1.162770000000000054e-01
4.028140000000000054e-01 1.300689999999999902e-01
4.031850000000000156e-01 1.349390000000000034e-01
4.035560000000000258e-01 1.217270000000000019e-01
4.039269999999999805e-01 1.185599999999999987e-01
4.042979999999999907e-01 1.335129999999999928e-01
4.046690000000000009e-01 1.272780000000000022e-01
4.050400000000000111e-01 1.215989999999999988e-01
4.054110000000000213e-01 1.167640000000000067e-01
4.057819999999999760e-01 1.274500000000000077e-01
4.061529999999999863e-01 1.194930000000000020e-01
4.065239999999999965e-01 1.189859999999999945e-01
4.068950000000000067e-01 1.242339999999999972e-01
4.072660000000000169e-01 1.401100000000000123e-01
4.076370000000000271e-01 1.260590000000000044e-01
4.080090000000000106e-01 1.182629999999999931e-01
4.083789999999999920e-01 1.219719999999999971e-01
4.087509999999999755e-01 1.140999999999999931e-01
4.091210000000000124e-01 1.108240000000000058e-01
4.094929999999999959e-01 1.135789999999999994e-01
4.098629999999999773e-01 1.241639999999999966e-01
4.102339999999999876e-01 1.129580000000000028e-01
4.106060000000000265e-01 1.158489999999999936e-01
4.109769999999999812e-01 1.202379999999999977e-01
4.113479999999999914e-01 1.180670000000000053e-01
4.117190000000000016e-01 1.368369999999999864e-01
4.120900000000000118e-01 1.172389999999999960e-01
4.124610000000000221e-01 1.230360000000000065e-01
4.128319999999999768e-01 1.420150000000000023e-01
4.132020000000000137e-01 1.375770000000000048e-01
4.135739999999999972e-01 1.383290000000000075e-01
4.139450000000000074e-01 1.337629999999999930e-01
4.143160000000000176e-01 1.435730000000000062e-01
4.146869999999999723e-01 1.359829999999999928e-01
4.150579999999999825e-01 1.488109999999999988e-01
4.154289999999999927e-01 1.327000000000000124e-01
4.158000000000000029e-01 1.479959999999999887e-01
4.161710000000000131e-01 1.621150000000000091e-01
4.165420000000000234e-01 1.663270000000000026e-01
4.169129999999999781e-01 1.598080000000000056e-01
4.172839999999999883e-01 1.809360000000000135e-01
4.176549999999999985e-01 1.616150000000000087e-01
4.180260000000000087e-01 1.767509999999999915e-01
4.183970000000000189e-01 1.854500000000000037e-01
4.187679999999999736e-01 1.711989999999999901e-01
4.191389999999999838e-01 1.865709999999999869e-01
4.195099999999999940e-01 1.899820000000000120e-01
4.198810000000000042e-01 1.920010000000000050e-01
4.202520000000000144e-01 1.907200000000000006e-01
4.206230000000000246e-01 1.937149999999999983e-01
4.209939999999999793e-01 2.156319999999999903e-01
4.213649999999999896e-01 2.131359999999999921e-01
4.217359999999999998e-01 2.111629999999999896e-01
4.221070000000000100e-01 2.110640000000000016e-01
4.224780000000000202e-01 2.250060000000000116e-01
4.228489999999999749e-01 2.581220000000000181e-01
4.232199999999999851e-01 2.495719999999999883e-01
4.235909999999999953e-01 2.503619999999999735e-01
4.239620000000000055e-01 2.670690000000000008e-01
4.243330000000000157e-01 2.826980000000000048e-01
4.247040000000000259e-01 2.772749999999999937e-01
4.250749999999999806e-01 2.824019999999999864e-01
4.254459999999999908e-01 2.827419999999999933e-01
4.258170000000000011e-01 2.871449999999999836e-01
4.261880000000000113e-01 3.084879999999999844e-01
4.265590000000000215e-01 3.060399999999999787e-01
4.269299999999999762e-01 3.108279999999999932e-01
4.273009999999999864e-01 3.198269999999999724e-01
4.276719999999999966e-01 3.214110000000000023e-01
4.280430000000000068e-01 3.218179999999999930e-01
4.284140000000000170e-01 3.270089999999999941e-01
4.287850000000000272e-01 3.322089999999999765e-01
4.291559999999999819e-01 3.445420000000000149e-01
4.295269999999999921e-01 3.310290000000000177e-01
4.298980000000000024e-01 3.344869999999999788e-01
4.302690000000000126e-01 3.414119999999999933e-01
4.306400000000000228e-01 3.590369999999999950e-01
4.310109999999999775e-01 3.299799999999999955e-01
4.313819999999999877e-01 3.348289999999999877e-01
4.317529999999999979e-01 3.546039999999999748e-01
4.321249999999999813e-01 3.418260000000000187e-01
4.324950000000000183e-01 3.362410000000000121e-01
4.328659999999999730e-01 3.306700000000000195e-01
4.332369999999999832e-01 3.381290000000000129e-01
4.336079999999999934e-01 3.440949999999999842e-01
4.339790000000000036e-01 3.466799999999999882e-01
4.343500000000000139e-01 3.500579999999999803e-01
4.347210000000000241e-01 3.412459999999999938e-01
4.350930000000000075e-01 3.456870000000000220e-01
4.354640000000000177e-01 3.435610000000000053e-01
4.358339999999999992e-01 3.481759999999999855e-01
4.362059999999999826e-01 3.463189999999999880e-01
4.365760000000000196e-01 3.523089999999999833e-01
4.369480000000000031e-01 3.462990000000000235e-01
4.373179999999999845e-01 3.561730000000000174e-01
4.376900000000000235e-01 3.615999999999999770e-01
4.380609999999999782e-01 3.595229999999999815e-01
4.384319999999999884e-01 3.586790000000000256e-01
4.388029999999999986e-01 3.497629999999999906e-01
4.391740000000000088e-01 3.482020000000000115e-01
4.395450000000000190e-01 3.534930000000000017e-01
4.399159999999999737e-01 3.541619999999999768e-01
4.402869999999999839e-01 3.570209999999999773e-01
4.406579999999999941e-01 3.580990000000000006e-01
4.410290000000000044e-01 3.604450000000000154e-01
4.414000000000000146e-01 3.489079999999999959e-01
4.417710000000000248e-01 3.513450000000000184e-01
4.421419999999999795e-01 3.382760000000000211e-01
4.425129999999999897e-01 3.428999999999999826e-01
4.428839999999999999e-01 3.338309999999999889e-01
4.432550000000000101e-01 3.374980000000000202e-01
4.436260000000000203e-01 3.235600000000000143e-01
4.439969999999999750e-01 3.180499999999999994e-01
4.443679999999999852e-01 3.111760000000000081e-01
4.447389999999999954e-01 3.076869999999999883e-01
4.451100000000000056e-01 2.861770000000000147e-01
4.454810000000000159e-01 2.988549999999999818e-01
4.458520000000000261e-01 3.024530000000000274e-01
4.462229999999999808e-01 2.793829999999999925e-01
4.465939999999999910e-01 2.800940000000000096e-01
4.469650000000000012e-01 2.760190000000000143e-01
4.473360000000000114e-01 2.645419999999999994e-01
4.477070000000000216e-01 2.787140000000000173e-01
4.480779999999999763e-01 2.574049999999999949e-01
4.484489999999999865e-01 2.636939999999999840e-01
4.488199999999999967e-01 2.475140000000000118e-01
4.491910000000000069e-01 2.689759999999999929e-01
4.495620000000000172e-01 2.736910000000000176e-01
4.499330000000000274e-01 2.762189999999999923e-01
4.503039999999999821e-01 2.577300000000000146e-01
4.506749999999999923e-01 2.687169999999999837e-01
4.510460000000000025e-01 2.650440000000000018e-01
4.514170000000000127e-01 2.706939999999999902e-01
4.517880000000000229e-01 2.698380000000000223e-01
4.521589999999999776e-01 3.090970000000000106e-01
4.525299999999999878e-01 3.213130000000000153e-01
4.529009999999999980e-01 3.296239999999999726e-01
4.532720000000000082e-01 3.333550000000000124e-01
4.536430000000000184e-01 3.660109999999999753e-01
4.540139999999999731e-01 3.778230000000000199e-01
4.543849999999999834e-01 3.816979999999999817e-01
4.547559999999999936e-01 4.004630000000000134e-01
4.551270000000000038e-01 4.153530000000000277e-01
4.554980000000000140e-01 4.301610000000000156e-01
4.558690000000000242e-01 4.497439999999999771e-01
4.562399999999999789e-01 4.868500000000000050e-01
4.566109999999999891e-01 5.105889999999999596e-01
4.569819999999999993e-01 5.267840000000000300e-01
4.573530000000000095e-01 5.457870000000000221e-01
4.577240000000000197e-01 5.692289999999999850e-01
4.580949999999999744e-01 5.970290000000000319e-01
4.584659999999999846e-01 5.994819999999999593e-01
4.588380000000000236e-01 6.467610000000000303e-01
4.592080000000000051e-01 6.652000000000000135e-01
4.595799999999999885e-01 6.814569999999999794e-01
4.599500000000000255e-01 7.059889999999999777e-01
4.603209999999999802e-01 7.294439999999999813e-01
4.606919999999999904e-01 7.624950000000000339e-01
4.610630000000000006e-01 7.717600000000000016e-01
4.614340000000000108e-01 7.915689999999999671e-01
4.618059999999999943e-01 8.212329999999999908e-01
4.621770000000000045e-01 8.561189999999999634e-01
4.625480000000000147e-01 8.674359999999999848e-01
4.629190000000000249e-01 8.816370000000000040e-01
4.632890000000000064e-01 9.095130000000000159e-01
4.636609999999999898e-01 9.239829999999999988e-01
4.640310000000000268e-01 9.443230000000000235e-01
4.644030000000000102e-01 9.691140000000000310e-01
4.647740000000000204e-01 9.776690000000000103e-01
4.651449999999999751e-01 9.819630000000000303e-01
4.655159999999999854e-01 1.008920000000000039e+00
4.658869999999999956e-01 1.030860000000000110e+00
4.662580000000000058e-01 1.030899999999999928e+00
4.666290000000000160e-01 1.042820000000000080e+00
4.670000000000000262e-01 1.066109999999999891e+00
4.673709999999999809e-01 1.071760000000000046e+00
4.677419999999999911e-01 1.078629999999999978e+00
4.681130000000000013e-01 1.080039999999999889e+00
4.684840000000000115e-01 1.081560000000000077e+00
4.688550000000000217e-01 1.082840000000000025e+00
4.692259999999999764e-01 1.070200000000000040e+00
4.695969999999999867e-01 1.083069999999999977e+00
4.699679999999999969e-01 1.063239999999999963e+00
4.703390000000000071e-01 1.073010000000000019e+00
4.707100000000000173e-01 1.067970000000000086e+00
4.710810000000000275e-01 1.054669999999999996e+00
4.714519999999999822e-01 1.052950000000000053e+00
4.718229999999999924e-01 1.052959999999999896e+00
4.721940000000000026e-01 1.032820000000000071e+00
4.725650000000000128e-01 1.032699999999999951e+00
4.729360000000000230e-01 1.012990000000000057e+00
4.733069999999999777e-01 9.853020000000000111e-01
4.736779999999999879e-01 9.873720000000000274e-01
4.740489999999999982e-01 9.583040000000000447e-01
4.744200000000000084e-01 9.459279999999999911e-01
4.747910000000000186e-01 9.185039999999999871e-01
4.751619999999999733e-01 9.013020000000000476e-01
4.755329999999999835e-01 8.917509999999999604e-01
4.759039999999999937e-01 8.722440000000000193e-01
4.762750000000000039e-01 8.443880000000000274e-01
4.766460000000000141e-01 8.093669999999999476e-01
4.770170000000000243e-01 8.085959999999999814e-01
4.773879999999999790e-01 7.668719999999999981e-01
4.777589999999999892e-01 7.605680000000000218e-01
4.781299999999999994e-01 7.290100000000000469e-01
4.785010000000000097e-01 7.040589999999999904e-01
4.788720000000000199e-01 6.771049999999999569e-01
4.792429999999999746e-01 6.484929999999999861e-01
4.796139999999999848e-01 6.288909999999999778e-01
4.799849999999999950e-01 6.009630000000000249e-01
4.803560000000000052e-01 5.854639999999999844e-01
4.807270000000000154e-01 5.691230000000000455e-01
4.810980000000000256e-01 5.510450000000000070e-01
4.814689999999999803e-01 5.238279999999999603e-01
4.818399999999999905e-01 5.246520000000000072e-01
4.822110000000000007e-01 4.935140000000000082e-01
4.825820000000000110e-01 4.833819999999999784e-01
4.829530000000000212e-01 4.669860000000000122e-01
4.833239999999999759e-01 4.359990000000000254e-01
4.836949999999999861e-01 4.255200000000000093e-01
4.840659999999999963e-01 4.088629999999999765e-01
4.844370000000000065e-01 4.083109999999999795e-01
4.848080000000000167e-01 3.853659999999999863e-01
4.851790000000000269e-01 3.898170000000000246e-01
4.855499999999999816e-01 3.689720000000000222e-01
4.859209999999999918e-01 3.578230000000000022e-01
4.862929999999999753e-01 3.452830000000000066e-01
4.866630000000000122e-01 3.543419999999999903e-01
4.870349999999999957e-01 3.513859999999999761e-01
4.874049999999999772e-01 3.533020000000000049e-01
4.877770000000000161e-01 3.604319999999999746e-01
4.881469999999999976e-01 3.519740000000000091e-01
4.885189999999999810e-01 3.720680000000000098e-01
4.888890000000000180e-01 3.629709999999999881e-01
4.892610000000000015e-01 3.721519999999999828e-01
4.896320000000000117e-01 3.799750000000000072e-01
4.900030000000000219e-01 3.647170000000000134e-01
4.903739999999999766e-01 3.701720000000000010e-01
4.907449999999999868e-01 3.781800000000000161e-01
4.911159999999999970e-01 3.812269999999999825e-01
4.914870000000000072e-01 3.957319999999999727e-01
4.918580000000000174e-01 3.935790000000000122e-01
4.922290000000000276e-01 3.929520000000000235e-01
4.925999999999999823e-01 4.029559999999999809e-01
4.929709999999999925e-01 4.077919999999999878e-01
4.933420000000000027e-01 4.000250000000000195e-01
4.937130000000000130e-01 4.107810000000000072e-01
4.940840000000000232e-01 4.139030000000000209e-01
4.944549999999999779e-01 4.109530000000000127e-01
4.948259999999999881e-01 4.300640000000000018e-01
4.951969999999999983e-01 4.206050000000000066e-01
4.955680000000000085e-01 4.217029999999999945e-01
4.959390000000000187e-01 4.129820000000000157e-01
4.963099999999999734e-01 4.139379999999999726e-01
4.966809999999999836e-01 4.241860000000000075e-01
4.970519999999999938e-01 4.266989999999999950e-01
4.974230000000000040e-01 4.357909999999999839e-01
4.977940000000000142e-01 4.231269999999999754e-01
4.981650000000000245e-01 4.244649999999999812e-01
4.985359999999999792e-01 4.274270000000000014e-01
4.989069999999999894e-01 4.357750000000000234e-01
4.992779999999999996e-01 4.412619999999999876e-01
4.996490000000000098e-01 4.326010000000000133e-01
5.000200000000000200e-01 4.310309999999999975e-01
5.003910000000000302e-01 4.291610000000000147e-01
5.007620000000000404e-01 4.223080000000000167e-01
5.011330000000000506e-01 4.355399999999999827e-01
5.015039999999999498e-01 4.326429999999999998e-01
5.018749999999999600e-01 4.346900000000000208e-01
5.022459999999999702e-01 4.422369999999999912e-01
5.026169999999999805e-01 4.443230000000000235e-01
5.029879999999999907e-01 4.472960000000000269e-01
5.033590000000000009e-01 4.301929999999999921e-01
5.037300000000000111e-01 4.488650000000000140e-01
5.041010000000000213e-01 4.288020000000000165e-01
5.044720000000000315e-01 4.206360000000000099e-01
5.048430000000000417e-01 4.098580000000000001e-01
5.052140000000000519e-01 4.207679999999999754e-01
5.055849999999999511e-01 4.000029999999999974e-01
5.059559999999999613e-01 3.894059999999999744e-01
5.063269999999999715e-01 3.820549999999999780e-01
5.066979999999999817e-01 3.751869999999999927e-01
5.070689999999999920e-01 3.659580000000000055e-01
5.074400000000000022e-01 3.622799999999999909e-01
5.078110000000000124e-01 3.422100000000000142e-01
5.081820000000000226e-01 3.484760000000000080e-01
5.085530000000000328e-01 3.351629999999999887e-01
5.089240000000000430e-01 3.240700000000000247e-01
5.092950000000000532e-01 3.168599999999999750e-01
5.096659999999999524e-01 3.091909999999999936e-01
5.100369999999999626e-01 3.195239999999999747e-01
5.104079999999999728e-01 3.114509999999999779e-01
5.107789999999999830e-01 3.103549999999999920e-01
5.111499999999999932e-01 3.130379999999999829e-01
5.115210000000000035e-01 3.101090000000000235e-01
5.118920000000000137e-01 3.216939999999999800e-01
5.122630000000000239e-01 3.315679999999999739e-01
5.126349999999999518e-01 3.303869999999999862e-01
5.130050000000000443e-01 3.407990000000000186e-01
5.133760000000000545e-01 3.580010000000000137e-01
5.137479999999999825e-01 3.649580000000000046e-01
5.141179999999999639e-01 3.713210000000000122e-01
5.144900000000000029e-01 3.954529999999999990e-01
5.148599999999999843e-01 4.134300000000000197e-01
5.152320000000000233e-01 4.255149999999999766e-01
5.156030000000000335e-01 4.372900000000000120e-01
5.159740000000000437e-01 4.764789999999999859e-01
5.163440000000000252e-01 4.815429999999999988e-01
5.167159999999999531e-01 5.187089999999999756e-01
5.170869999999999633e-01 5.231820000000000359e-01
5.174579999999999735e-01 5.438950000000000173e-01
5.178289999999999837e-01 5.506170000000000231e-01
5.181999999999999940e-01 5.773540000000000338e-01
5.185710000000000042e-01 5.914690000000000225e-01
5.189420000000000144e-01 5.928379999999999761e-01
5.193130000000000246e-01 6.235330000000000039e-01
5.196840000000000348e-01 6.351550000000000251e-01
5.200550000000000450e-01 6.456840000000000357e-01
5.204260000000000552e-01 6.757199999999999873e-01
5.207969999999999544e-01 6.641610000000000014e-01
5.211679999999999646e-01 6.848950000000000315e-01
5.215389999999999748e-01 6.827060000000000350e-01
5.219099999999999850e-01 6.732759999999999856e-01
5.222809999999999953e-01 6.901199999999999557e-01
5.226520000000000055e-01 6.864980000000000526e-01
5.230230000000000157e-01 7.131779999999999786e-01
5.233940000000000259e-01 7.083540000000000392e-01
5.237650000000000361e-01 7.202159999999999673e-01
5.241360000000000463e-01 7.222760000000000291e-01
5.245069999999999455e-01 7.151830000000000132e-01
5.248779999999999557e-01 7.078440000000000287e-01
5.252489999999999659e-01 7.004939999999999500e-01
5.256199999999999761e-01 7.123930000000000540e-01
5.259909999999999863e-01 7.065010000000000456e-01
5.263619999999999965e-01 7.300759999999999472e-01
5.267330000000000068e-01 7.135500000000000176e-01
5.271040000000000170e-01 7.138670000000000293e-01
5.274750000000000272e-01 7.083120000000000527e-01
5.278460000000000374e-01 7.154139999999999944e-01
5.282170000000000476e-01 7.018090000000000162e-01
5.285879999999999468e-01 7.131089999999999929e-01
5.289589999999999570e-01 6.947889999999999899e-01
5.293299999999999672e-01 6.856719999999999482e-01
5.297009999999999774e-01 6.817889999999999784e-01
5.300719999999999876e-01 6.761740000000000528e-01
5.304429999999999978e-01 6.714379999999999793e-01
5.308140000000000081e-01 6.539890000000000425e-01
5.311850000000000183e-01 6.475729999999999542e-01
5.315560000000000285e-01 6.420320000000000471e-01
5.319270000000000387e-01 6.376309999999999478e-01
5.322980000000000489e-01 6.330179999999999696e-01
5.326689999999999481e-01 6.093079999999999607e-01
5.330399999999999583e-01 6.049980000000000357e-01
5.334109999999999685e-01 5.888229999999999853e-01
5.337819999999999787e-01 5.781709999999999905e-01
5.341529999999999889e-01 5.733000000000000318e-01
5.345239999999999991e-01 5.479159999999999586e-01
5.348950000000000093e-01 5.441740000000000466e-01
5.352660000000000196e-01 5.201329999999999565e-01
5.356370000000000298e-01 5.041179999999999550e-01
5.360080000000000400e-01 5.019029999999999880e-01
5.363799999999999679e-01 4.782310000000000172e-01
5.367499999999999494e-01 4.715739999999999932e-01
5.371219999999999883e-01 4.460120000000000196e-01
5.374919999999999698e-01 4.328500000000000125e-01
5.378629999999999800e-01 4.225900000000000212e-01
5.382339999999999902e-01 4.024679999999999924e-01
5.386050000000000004e-01 3.893090000000000162e-01
5.389760000000000106e-01 3.789950000000000263e-01
5.393480000000000496e-01 3.613649999999999918e-01
5.397180000000000311e-01 3.402169999999999916e-01
5.400899999999999590e-01 3.310080000000000244e-01
5.404609999999999692e-01 3.272470000000000101e-01
5.408309999999999507e-01 3.085180000000000144e-01
5.412029999999999896e-01 2.889939999999999731e-01
5.415729999999999711e-01 2.743129999999999735e-01
5.419450000000000101e-01 2.646240000000000259e-01
5.423160000000000203e-01 2.503549999999999942e-01
5.426870000000000305e-01 2.467729999999999924e-01
5.430580000000000407e-01 2.372589999999999977e-01
5.434290000000000509e-01 2.179270000000000096e-01
5.437999999999999501e-01 2.163660000000000028e-01
5.441709999999999603e-01 2.170690000000000119e-01
5.445419999999999705e-01 2.094699999999999895e-01
5.449129999999999807e-01 1.983749999999999958e-01
5.452839999999999909e-01 1.981070000000000053e-01
5.456550000000000011e-01 1.911390000000000033e-01
5.460260000000000113e-01 1.907059999999999866e-01
5.463970000000000216e-01 1.928459999999999896e-01
5.467680000000000318e-01 1.870670000000000111e-01
5.471390000000000420e-01 1.964799999999999880e-01
5.475100000000000522e-01 1.860169999999999879e-01
5.478809999999999514e-01 1.828349999999999975e-01
5.482519999999999616e-01 1.740800000000000125e-01
5.486229999999999718e-01 1.781230000000000036e-01
5.489939999999999820e-01 1.869560000000000111e-01
5.493649999999999922e-01 1.748089999999999922e-01
5.497360000000000024e-01 1.763450000000000017e-01
5.501070000000000126e-01 1.639879999999999949e-01
5.504780000000000229e-01 1.697240000000000137e-01
5.508490000000000331e-01 1.656100000000000072e-01
5.512200000000000433e-01 1.751099999999999879e-01
5.515910000000000535e-01 1.578710000000000113e-01
5.519619999999999527e-01 1.612699999999999967e-01
5.523329999999999629e-01 1.660449999999999982e-01
5.527039999999999731e-01 1.661690000000000111e-01
5.530749999999999833e-01 1.600219999999999976e-01
5.534459999999999935e-01 1.582860000000000100e-01
5.538170000000000037e-01 1.527370000000000116e-01
5.541880000000000139e-01 1.503460000000000074e-01
5.545590000000000241e-01 1.468430000000000013e-01
5.549300000000000344e-01 1.433369999999999922e-01
5.553010000000000446e-01 1.398270000000000068e-01
5.556720000000000548e-01 1.376229999999999953e-01
5.560429999999999540e-01 1.370069999999999899e-01
5.564139999999999642e-01 1.285630000000000106e-01
5.567849999999999744e-01 1.220210000000000045e-01
5.571559999999999846e-01 1.187740000000000046e-01
5.575269999999999948e-01 1.276019999999999932e-01
5.578980000000000050e-01 1.218250000000000027e-01
5.582690000000000152e-01 1.077570000000000056e-01
5.586400000000000254e-01 1.101479999999999959e-01
5.590110000000000356e-01 1.146559999999999940e-01
5.593820000000000459e-01 1.044449999999999962e-01
5.597529999999999450e-01 9.968440000000000634e-02
5.601239999999999553e-01 1.050940000000000069e-01
5.604949999999999655e-01 9.866650000000000420e-02
5.608659999999999757e-01 9.554740000000000455e-02
5.612369999999999859e-01 9.467200000000000615e-02
5.616079999999999961e-01 8.617089999999999472e-02
5.619790000000000063e-01 8.985669999999999769e-02
5.623500000000000165e-01 8.329899999999999805e-02
5.627210000000000267e-01 7.692590000000000539e-02
5.630920000000000369e-01 7.092669999999999531e-02
5.634630000000000472e-01 6.864370000000000194e-02
5.638339999999999463e-01 6.963419999999999332e-02
5.642049999999999566e-01 6.845080000000000608e-02
5.645769999999999955e-01 6.897720000000000240e-02
5.649469999999999770e-01 6.457279999999999964e-02
5.653190000000000159e-01 6.246220000000000244e-02
5.656889999999999974e-01 5.592749999999999805e-02
5.660610000000000364e-01 5.975189999999999668e-02
5.664310000000000178e-01 5.279149999999999815e-02
5.668029999999999458e-01 5.618920000000000164e-02
5.671730000000000382e-01 5.866419999999999968e-02
5.675449999999999662e-01 5.475830000000000281e-02
5.679149999999999476e-01 5.618410000000000071e-02
5.682859999999999578e-01 5.090019999999999961e-02
5.686579999999999968e-01 5.771140000000000297e-02
5.690290000000000070e-01 5.812900000000000011e-02
5.694000000000000172e-01 5.665540000000000159e-02
5.697710000000000274e-01 5.319410000000000110e-02
5.701420000000000377e-01 5.589829999999999799e-02
5.705130000000000479e-01 5.581409999999999844e-02
5.708839999999999471e-01 5.441290000000000016e-02
5.712549999999999573e-01 5.445479999999999765e-02
5.716259999999999675e-01 5.581320000000000031e-02
5.719969999999999777e-01 6.089610000000000162e-02
5.723679999999999879e-01 6.183940000000000270e-02
5.727389999999999981e-01 6.516929999999999945e-02
5.731100000000000083e-01 5.369229999999999836e-02
5.734810000000000185e-01 6.448959999999999415e-02
5.738520000000000287e-01 5.772080000000000266e-02
5.742230000000000389e-01 5.784260000000000096e-02
5.745940000000000492e-01 5.969340000000000063e-02
5.749649999999999483e-01 7.188250000000000195e-02
5.753359999999999586e-01 7.349870000000000014e-02
5.757069999999999688e-01 7.335959999999999703e-02
5.760779999999999790e-01 7.393260000000000109e-02
5.764489999999999892e-01 8.013209999999999777e-02
5.768199999999999994e-01 8.118599999999999428e-02
5.771910000000000096e-01 8.329689999999999317e-02
5.775620000000000198e-01 9.531159999999999632e-02
5.779330000000000300e-01 9.148449999999999638e-02
5.783040000000000402e-01 9.279099999999999848e-02
5.786750000000000504e-01 1.055880000000000013e-01
5.790459999999999496e-01 1.014570000000000055e-01
5.794169999999999598e-01 1.136069999999999997e-01
5.797879999999999701e-01 1.131149999999999933e-01
5.801589999999999803e-01 1.078479999999999994e-01
5.805299999999999905e-01 1.219240000000000046e-01
5.809010000000000007e-01 1.266470000000000096e-01
5.812720000000000109e-01 1.304400000000000004e-01
5.816430000000000211e-01 1.273559999999999970e-01
5.820140000000000313e-01 1.433099999999999929e-01
5.823850000000000415e-01 1.247179999999999955e-01
5.827560000000000517e-01 1.394289999999999974e-01
5.831269999999999509e-01 1.491500000000000048e-01
5.834979999999999611e-01 1.458800000000000097e-01
5.838689999999999714e-01 1.431179999999999952e-01
5.842399999999999816e-01 1.599919999999999953e-01
5.846109999999999918e-01 1.588859999999999995e-01
5.849820000000000020e-01 1.703210000000000002e-01
5.853530000000000122e-01 1.672669999999999990e-01
5.857240000000000224e-01 1.714449999999999863e-01
5.860950000000000326e-01 1.715740000000000043e-01
5.864660000000000428e-01 1.781729999999999980e-01
5.868370000000000530e-01 1.797900000000000054e-01
5.872089999999999810e-01 1.730480000000000074e-01
5.875789999999999624e-01 1.689799999999999913e-01
5.879499999999999726e-01 1.889490000000000058e-01
5.883209999999999829e-01 1.769590000000000052e-01
5.886919999999999931e-01 1.838039999999999952e-01
5.890630000000000033e-01 1.844260000000000066e-01
5.894340000000000135e-01 1.767640000000000045e-01
5.898050000000000237e-01 1.854149999999999965e-01
5.901760000000000339e-01 1.822489999999999943e-01
5.905479999999999619e-01 1.904510000000000092e-01
5.909180000000000543e-01 1.873410000000000075e-01
5.912899999999999823e-01 1.848589999999999955e-01
5.916599999999999637e-01 1.860690000000000122e-01
5.920309999999999739e-01 1.819300000000000084e-01
5.924019999999999841e-01 1.837370000000000114e-01
5.927740000000000231e-01 1.818619999999999959e-01
5.931450000000000333e-01 1.779550000000000021e-01
5.935160000000000435e-01 1.776639999999999886e-01
5.938870000000000537e-01 1.802829999999999988e-01
5.942579999999999529e-01 1.731330000000000091e-01
5.946289999999999631e-01 1.724449999999999872e-01
5.949999999999999734e-01 1.701630000000000087e-01
5.953709999999999836e-01 1.667700000000000016e-01
5.957419999999999938e-01 1.606569999999999943e-01
5.961130000000000040e-01 1.667540000000000133e-01
5.964840000000000142e-01 1.680919999999999914e-01
5.968550000000000244e-01 1.590119999999999867e-01
5.972260000000000346e-01 1.497110000000000107e-01
5.975970000000000448e-01 1.522429999999999894e-01
5.979680000000000550e-01 1.433119999999999949e-01
5.980111058634677290e-01 1.118999945596873130e-01
5.983389999999999542e-01 1.494689999999999908e-01
5.987099999999999644e-01 1.468629999999999936e-01
5.990809999999999746e-01 1.291080000000000005e-01
5.994519999999999849e-01 1.340230000000000032e-01
5.998229999999999951e-01 1.327969999999999984e-01
6.001940000000000053e-01 1.311489999999999878e-01
6.005650000000000155e-01 1.219459999999999988e-01
6.009360000000000257e-01 1.200259999999999938e-01
6.013070000000000359e-01 1.062170000000000059e-01
6.016780000000000461e-01 1.070220000000000060e-01
6.020489999999999453e-01 1.034449999999999953e-01
6.023070712675289151e-01 1.059367645001302455e-01
6.024199999999999555e-01 1.036770000000000053e-01
6.027909999999999657e-01 9.835660000000000236e-02
6.031619999999999759e-01 1.015930000000000027e-01
6.035329999999999862e-01 9.722699999999999398e-02
6.039039999999999964e-01 8.587609999999999688e-02
6.042750000000000066e-01 8.548129999999999618e-02
6.046460000000000168e-01 8.160699999999999898e-02
6.050170000000000270e-01 7.733239999999999559e-02
6.053880000000000372e-01 7.807260000000000588e-02
6.057590000000000474e-01 8.087800000000000544e-02
6.061299999999999466e-01 7.941230000000000511e-02
6.065009999999999568e-01 6.496720000000000272e-02
6.066975467573184622e-01 8.409372433077287601e-02
6.068719999999999670e-01 7.139320000000000388e-02
6.072429999999999772e-01 7.267809999999999548e-02
6.076139999999999874e-01 7.103990000000000304e-02
6.079849999999999977e-01 6.875269999999999992e-02
6.083560000000000079e-01 6.783720000000000028e-02
6.087270000000000181e-01 7.885920000000000429e-02
6.090980000000000283e-01 7.598050000000000637e-02
6.094690000000000385e-01 6.688979999999999926e-02
6.098400000000000487e-01 7.093199999999999505e-02
6.102109999999999479e-01 7.013400000000000190e-02
6.105819999999999581e-01 7.422159999999999869e-02
6.109529999999999683e-01 7.360579999999999901e-02
6.111835919322652355e-01 8.418865514231602121e-02
6.113239999999999785e-01 7.822880000000000111e-02
6.116949999999999887e-01 8.642070000000000307e-02
6.120659999999999989e-01 9.492330000000000212e-02
6.124370000000000092e-01 8.570039999999999603e-02
6.128080000000000194e-01 8.236050000000000315e-02
6.131790000000000296e-01 8.422069999999999557e-02
6.135500000000000398e-01 7.681409999999999627e-02
6.139210000000000500e-01 8.744209999999999483e-02
6.142919999999999492e-01 8.582170000000000076e-02
6.146629999999999594e-01 9.047199999999999687e-02
6.150339999999999696e-01 9.299680000000000446e-02
6.154049999999999798e-01 8.716659999999999686e-02
6.157624762283810949e-01 9.043402896641396238e-02
6.157759999999999900e-01 9.060640000000000360e-02
6.161470000000000002e-01 9.594239999999999713e-02
6.165180000000000105e-01 9.422270000000000645e-02
6.168900000000000494e-01 9.087470000000000270e-02
6.172600000000000309e-01 9.360759999999999914e-02
6.176319999999999588e-01 9.510989999999999722e-02
6.180020000000000513e-01 9.078110000000000346e-02
6.183729999999999505e-01 9.809600000000000264e-02
6.187439999999999607e-01 9.856510000000000271e-02
6.191149999999999709e-01 1.006729999999999986e-01
6.194870000000000099e-01 9.567150000000000654e-02
6.198580000000000201e-01 9.528609999999999858e-02
6.202290000000000303e-01 9.933630000000000237e-02
6.204374216809798170e-01 9.937701264506393350e-02
6.206000000000000405e-01 1.028160000000000046e-01
6.209710000000000507e-01 1.031849999999999989e-01
6.213419999999999499e-01 9.288019999999999610e-02
6.217129999999999601e-01 9.297560000000000546e-02
6.220839999999999703e-01 9.356499999999999539e-02
6.224549999999999805e-01 1.001390000000000058e-01
6.228259999999999907e-01 8.101319999999999355e-02
6.231970000000000010e-01 7.629650000000000321e-02
6.235680000000000112e-01 9.094939999999999969e-02
6.239390000000000214e-01 8.801159999999999539e-02
6.243100000000000316e-01 8.190949999999999620e-02
6.246810000000000418e-01 8.695160000000000389e-02
6.250520000000000520e-01 8.584999999999999576e-02
6.252119403491880334e-01 8.903545444211387327e-02
6.254229999999999512e-01 7.642190000000000094e-02
6.257939999999999614e-01 9.112760000000000304e-02
6.261649999999999716e-01 8.619250000000000522e-02
6.265359999999999818e-01 9.157049999999999912e-02
6.269069999999999920e-01 9.554179999999999617e-02
6.272780000000000022e-01 9.252770000000000439e-02
6.276490000000000125e-01 7.761560000000000681e-02
6.280200000000000227e-01 8.038919999999999400e-02
6.283910000000000329e-01 6.838239999999999597e-02
6.287620000000000431e-01 7.372579999999999412e-02
6.291330000000000533e-01 6.530249999999999944e-02
6.295039999999999525e-01 7.486969999999999736e-02
6.298749999999999627e-01 7.185750000000000470e-02
6.300895274724777062e-01 6.937960897851726261e-02
6.302459999999999729e-01 6.604359999999999398e-02
6.306169999999999831e-01 6.606370000000000298e-02
6.309879999999999933e-01 6.255180000000000462e-02
6.313590000000000035e-01 6.167170000000000291e-02
6.317300000000000137e-01 6.306340000000000556e-02
6.321010000000000240e-01 5.213099999999999679e-02
6.324720000000000342e-01 5.549430000000000335e-02
6.328430000000000444e-01 5.760440000000000005e-02
6.332140000000000546e-01 6.622340000000000171e-02
6.335849999999999538e-01 5.291049999999999920e-02
6.339559999999999640e-01 4.891059999999999852e-02
6.343269999999999742e-01 4.992010000000000197e-02
6.346979999999999844e-01 5.511630000000000001e-02
6.350689999999999946e-01 4.964840000000000225e-02
6.350736586867669065e-01 6.223067703106852089e-02
6.354400000000000048e-01 5.690350000000000269e-02
6.358110000000000150e-01 5.503929999999999934e-02
6.361820000000000253e-01 5.574690000000000201e-02
6.365530000000000355e-01 5.851150000000000101e-02
6.369240000000000457e-01 4.766750000000000154e-02
6.372949999999999449e-01 5.789169999999999733e-02
6.376659999999999551e-01 5.291549999999999726e-02
6.380369999999999653e-01 5.769409999999999816e-02
6.384079999999999755e-01 5.944719999999999865e-02
6.387789999999999857e-01 5.646740000000000093e-02
6.391499999999999959e-01 6.074580000000000257e-02
6.395210000000000061e-01 6.828190000000000648e-02
6.398920000000000163e-01 7.238419999999999577e-02
6.401677872200096653e-01 7.748027950990410417e-02
6.402630000000000265e-01 7.844420000000000559e-02
6.406340000000000368e-01 7.477649999999999575e-02
6.410050000000000470e-01 8.095460000000000156e-02
6.413759999999999462e-01 8.700460000000000138e-02
6.417469999999999564e-01 8.116349999999999953e-02
6.421179999999999666e-01 8.772560000000000080e-02
6.424889999999999768e-01 9.039200000000000013e-02
6.428610000000000158e-01 9.925860000000000238e-02
6.432309999999999972e-01 9.981520000000000670e-02
6.436030000000000362e-01 1.010550000000000059e-01
6.439740000000000464e-01 1.125960000000000016e-01
6.443449999999999456e-01 1.146920000000000023e-01
6.447150000000000380e-01 1.117989999999999956e-01
6.450869999999999660e-01 1.161530000000000062e-01
6.453753410707675497e-01 1.101974185233573073e-01
6.454579999999999762e-01 1.106179999999999941e-01
6.458289999999999864e-01 1.286259999999999903e-01
6.461989999999999679e-01 1.265050000000000063e-01
6.465710000000000068e-01 1.311039999999999983e-01
6.469420000000000170e-01 1.314859999999999918e-01
6.473130000000000273e-01 1.318539999999999990e-01
6.476840000000000375e-01 1.379839999999999955e-01
6.480550000000000477e-01 1.360220000000000040e-01
6.484259999999999469e-01 1.415559999999999874e-01
6.487969999999999571e-01 1.487320000000000031e-01
6.491679999999999673e-01 1.474129999999999885e-01
6.495389999999999775e-01 1.439300000000000024e-01
6.499099999999999877e-01 1.517219999999999958e-01
6.502809999999999979e-01 1.467060000000000031e-01
6.506520000000000081e-01 1.535900000000000043e-01
6.506997201732517278e-01 1.204071139186022876e-01
6.510230000000000183e-01 1.518859999999999932e-01
6.513940000000000285e-01 1.570600000000000052e-01
6.517650000000000388e-01 1.581829999999999903e-01
6.521360000000000490e-01 1.636120000000000074e-01
6.525069999999999482e-01 1.548249999999999904e-01
6.528779999999999584e-01 1.527699999999999891e-01
6.532489999999999686e-01 1.591930000000000012e-01
6.536199999999999788e-01 1.515289999999999970e-01
6.539909999999999890e-01 1.541029999999999900e-01
6.543619999999999992e-01 1.567649999999999877e-01
6.547330000000000094e-01 1.521099999999999952e-01
6.551040000000000196e-01 1.530249999999999944e-01
6.554750000000000298e-01 1.537779999999999980e-01
6.558460000000000401e-01 1.569669999999999954e-01
6.561442935531964782e-01 1.357115456991104530e-01
6.562170000000000503e-01 1.571220000000000117e-01
6.565879999999999495e-01 1.500499999999999889e-01
6.569589999999999597e-01 1.480960000000000054e-01
6.573299999999999699e-01 1.491470000000000018e-01
6.577009999999999801e-01 1.449479999999999935e-01
6.580719999999999903e-01 1.514820000000000055e-01
6.584430000000000005e-01 1.502920000000000089e-01
6.588140000000000107e-01 1.469360000000000110e-01
6.591850000000000209e-01 1.477110000000000090e-01
6.595560000000000311e-01 1.434680000000000122e-01
6.599270000000000413e-01 1.386539999999999995e-01
6.602980000000000516e-01 1.329549999999999899e-01
6.606689999999999507e-01 1.372379999999999989e-01
6.610399999999999610e-01 1.433099999999999929e-01
6.614109999999999712e-01 1.372369999999999979e-01
6.617164465245642946e-01 1.387696248225563089e-01
6.617819999999999814e-01 1.296460000000000112e-01
6.621529999999999916e-01 1.381769999999999943e-01
6.625240000000000018e-01 1.387059999999999960e-01
6.628950000000000120e-01 1.321070000000000022e-01
6.632660000000000222e-01 1.304690000000000016e-01
6.636370000000000324e-01 1.282979999999999954e-01
6.640080000000000426e-01 1.337029999999999885e-01
6.643790000000000529e-01 1.303719999999999879e-01
6.647499999999999520e-01 1.290489999999999970e-01
6.651209999999999622e-01 1.252659999999999885e-01
6.654919999999999725e-01 1.221050000000000052e-01
6.658629999999999827e-01 1.099979999999999986e-01
6.662339999999999929e-01 1.060849999999999987e-01
6.666050000000000031e-01 1.164130000000000026e-01
6.669760000000000133e-01 1.145680000000000032e-01
6.673470000000000235e-01 1.059999999999999970e-01
6.674222030961471930e-01 1.116198421140188329e-01
6.677189999999999515e-01 1.100539999999999990e-01
6.680890000000000439e-01 1.128709999999999991e-01
6.684600000000000541e-01 1.035090000000000038e-01
6.688309999999999533e-01 1.019300000000000067e-01
6.692019999999999635e-01 9.773940000000000405e-02
6.695729999999999738e-01 9.535319999999999907e-02
6.699439999999999840e-01 9.562350000000000017e-02
6.703160000000000229e-01 9.002190000000000192e-02
6.706870000000000331e-01 9.200239999999999807e-02
6.710570000000000146e-01 9.208860000000000656e-02
6.714290000000000536e-01 9.295539999999999359e-02
6.717999999999999527e-01 9.036489999999999800e-02
6.721709999999999630e-01 7.827929999999999611e-02
6.725419999999999732e-01 8.547799999999999843e-02
6.729129999999999834e-01 8.015410000000000590e-02
6.732640609570614831e-01 8.451292761520230734e-02
6.732839999999999936e-01 7.517840000000000633e-02
6.736550000000000038e-01 8.301279999999999770e-02
6.740260000000000140e-01 7.688119999999999676e-02
6.743970000000000242e-01 7.538809999999999956e-02
6.747680000000000344e-01 7.966520000000000545e-02
6.751390000000000446e-01 6.681579999999999464e-02
6.755100000000000549e-01 7.259830000000000449e-02
6.758809999999999540e-01 6.546359999999999679e-02
6.762519999999999643e-01 6.205480000000000024e-02
6.766229999999999745e-01 7.321229999999999405e-02
6.769939999999999847e-01 5.761240000000000111e-02
6.773649999999999949e-01 6.156210000000000154e-02
6.777360000000000051e-01 6.036210000000000186e-02
6.781070000000000153e-01 6.625820000000000320e-02
6.784780000000000255e-01 5.792930000000000301e-02
6.788490000000000357e-01 5.857939999999999675e-02
6.792200000000000459e-01 6.480429999999999524e-02
6.792414606738529370e-01 7.398195703650621569e-02
6.795909999999999451e-01 6.764879999999999505e-02
6.799619999999999553e-01 6.981460000000000443e-02
6.803329999999999655e-01 7.401420000000000221e-02
6.807039999999999758e-01 6.402919999999999445e-02
6.810749999999999860e-01 7.723370000000000235e-02
6.814459999999999962e-01 7.470999999999999863e-02
6.818170000000000064e-01 7.743919999999999970e-02
6.821880000000000166e-01 7.133259999999999601e-02
6.825590000000000268e-01 8.445950000000000679e-02
6.829300000000000370e-01 8.684930000000000427e-02
6.833010000000000472e-01 7.196049999999999669e-02
6.836719999999999464e-01 7.353279999999999539e-02
6.840429999999999566e-01 8.968710000000000571e-02
6.844139999999999668e-01 8.966129999999999933e-02
6.847849999999999770e-01 9.811459999999999626e-02
6.851559999999999873e-01 8.530509999999999482e-02
6.853575484820633168e-01 8.529379627602858005e-02
6.855269999999999975e-01 9.367490000000000538e-02
6.858980000000000077e-01 8.944359999999999811e-02
6.862690000000000179e-01 9.230230000000000379e-02
6.866400000000000281e-01 9.362620000000000664e-02
6.870110000000000383e-01 9.900910000000000266e-02
6.873820000000000485e-01 9.976980000000000570e-02
6.877529999999999477e-01 1.042450000000000043e-01
6.881239999999999579e-01 1.051499999999999935e-01
6.884949999999999681e-01 1.088210000000000011e-01
6.888659999999999783e-01 1.106250000000000011e-01
6.892369999999999886e-01 1.089210000000000039e-01
6.896079999999999988e-01 1.060460000000000014e-01
6.899790000000000090e-01 1.147549999999999959e-01
6.903500000000000192e-01 1.240160000000000012e-01
6.907210000000000294e-01 1.211190000000000044e-01
6.910920000000000396e-01 1.188850000000000046e-01
6.914630000000000498e-01 1.218830000000000052e-01
6.916201422793302189e-01 1.099927525679027934e-01
6.918339999999999490e-01 1.096850000000000047e-01
6.922049999999999592e-01 1.154069999999999957e-01
6.925759999999999694e-01 1.195770000000000027e-01
6.929469999999999796e-01 1.328519999999999979e-01
6.933179999999999898e-01 1.264319999999999888e-01
6.936890000000000001e-01 1.178529999999999994e-01
6.940600000000000103e-01 1.241759999999999947e-01
6.944320000000000492e-01 1.264659999999999951e-01
6.948020000000000307e-01 1.255060000000000064e-01
6.951739999999999586e-01 1.218950000000000033e-01
6.955440000000000511e-01 1.201590000000000019e-01
6.959159999999999791e-01 1.303769999999999929e-01
6.962859999999999605e-01 1.240509999999999946e-01
6.966569999999999707e-01 1.239060000000000022e-01
6.970290000000000097e-01 1.247199999999999975e-01
6.974000000000000199e-01 1.240030000000000021e-01
6.977710000000000301e-01 1.197619999999999935e-01
6.980463006462401809e-01 1.188271451531846129e-01
6.981420000000000403e-01 1.195959999999999940e-01
6.985130000000000505e-01 1.288360000000000061e-01
6.988839999999999497e-01 1.201969999999999983e-01
6.992549999999999599e-01 1.214569999999999955e-01
6.996259999999999701e-01 1.180210000000000009e-01
6.999969999999999803e-01 1.327510000000000079e-01
7.003679999999999906e-01 1.272079999999999878e-01
7.007390000000000008e-01 1.261510000000000131e-01
7.011100000000000110e-01 1.319480000000000097e-01
7.014810000000000212e-01 1.179209999999999980e-01
7.018520000000000314e-01 1.203690000000000038e-01
7.022230000000000416e-01 1.332699999999999996e-01
7.025940000000000518e-01 1.363939999999999875e-01
7.029649999999999510e-01 1.370659999999999934e-01
7.033359999999999612e-01 1.424709999999999865e-01
7.037069999999999714e-01 1.498410000000000020e-01
7.040779999999999816e-01 1.478639999999999954e-01
7.044489999999999919e-01 1.541279999999999872e-01
7.046258393614243110e-01 1.650665351711892992e-01
7.048200000000000021e-01 1.546160000000000034e-01
7.051910000000000123e-01 1.568509999999999904e-01
7.055620000000000225e-01 1.654770000000000130e-01
7.059330000000000327e-01 1.643360000000000098e-01
7.063040000000000429e-01 1.702510000000000134e-01
7.066750000000000531e-01 1.779789999999999983e-01
7.070459999999999523e-01 1.860670000000000102e-01
7.074169999999999625e-01 1.879319999999999879e-01
7.077879999999999727e-01 1.884329999999999894e-01
7.081589999999999829e-01 2.061749999999999972e-01
7.085299999999999931e-01 2.076880000000000115e-01
7.089010000000000034e-01 2.248779999999999946e-01
7.092720000000000136e-01 2.300180000000000002e-01
7.096430000000000238e-01 2.388349999999999917e-01
7.100140000000000340e-01 2.384870000000000045e-01
7.103850000000000442e-01 2.591189999999999882e-01
7.107560000000000544e-01 2.572260000000000102e-01
7.111269999999999536e-01 2.605509999999999771e-01
7.113615620565831854e-01 2.431310762174936357e-01
7.114979999999999638e-01 2.646990000000000176e-01
7.118689999999999740e-01 2.775599999999999734e-01
7.122399999999999842e-01 2.777649999999999841e-01
7.126109999999999944e-01 2.865170000000000217e-01
7.182789497219896901e-01 2.911785080526449465e-01
7.253617628955669749e-01 2.827172493110333695e-01
7.326294174160526973e-01 2.334877122820452344e-01
7.400823562614839979e-01 2.136663969981672795e-01
7.477291319818806237e-01 1.839759064638394892e-01
7.555705987361988063e-01 1.248287813455146028e-01
7.636268058258319780e-01 7.981197574846538023e-02
7.718851247509677105e-01 6.935246889067556153e-02
7.803675966403754716e-01 7.191386395570641132e-02
7.890802481048072581e-01 7.362352179714250211e-02
7.980216937632680363e-01 7.039501934580466580e-02
8.072013515360810798e-01 5.435984801703011571e-02
8.166280816808418885e-01 3.270614413945058946e-02
8.263117704822319221e-01 3.023950535058096342e-02
8.362569739687345516e-01 3.640449130165417796e-02
8.464705023033409770e-01 6.986864271745045485e-02
8.562366955201586860e-01 1.336385976846010126e-01
8.669925634681520110e-01 1.631896024936229372e-01
8.780357061757094739e-01 1.462076811791495345e-01
8.893704988975675851e-01 1.481108127788817452e-01
9.010060902547282202e-01 1.450137318130656494e-01
9.129556176522731770e-01 1.576828007354850181e-01
9.252076483039415322e-01 2.394806725069389686e-01
9.377877835894162795e-01 2.770494988722109198e-01
9.506796129997336919e-01 2.250412830276403431e-01
9.639029772254632533e-01 2.054356373952970216e-01
9.774522478737982523e-01 1.900428023799848043e-01
9.913282134045117155e-01 1.196626529623151525e-01
1.005533770305983898e+00 7.967911348071381183e-02
1.020069998125080035e+00 9.312825406004998641e-02
1.034936227944378118e+00 7.439971821509482053e-02
1.050130123875554711e+00 4.307475399092261514e-02
1.065647775817170739e+00 2.574402651188397242e-02
1.081483801649058885e+00 2.030642736485307673e-02
1.097631456996059685e+00 1.717291156656643863e-02
1.114082750710712055e+00 1.558472360534596431e-02
1.130835981190071893e+00 1.453251354810634367e-02
1.147875778420519577e+00 9.746068171950604889e-03
1.165193356746947240e+00 6.141551609692235368e-03
1.182778579119488693e+00 4.849293764360490880e-03
1.200618161331540534e+00 5.386865609257482368e-03
1.218697456023000836e+00 8.989196580489371494e-03
1.237007443827122133e+00 4.021647946552079494e-02
1.255528999259455825e+00 9.884977848502873865e-02
1.274248096534801533e+00 1.091295516422507994e-01
1.293150960555802920e+00 8.333990995604506624e-02
1.312222242063556532e+00 6.617516160261852076e-02
1.331445201403780976e+00 5.113035270032326857e-02
1.350804543567142968e+00 2.623877938428878509e-02
1.370285019364012591e+00 2.342658454566507245e-02
1.389871560521084959e+00 1.785771118420447293e-02
1.409549395477281086e+00 9.453162007381840995e-03
1.429304146790868035e+00 5.916015741950019814e-03
1.449121911313409727e+00 4.926257090335816810e-03
1.468989324441442257e+00 5.320236858563192651e-03
1.488893609860487244e+00 8.535993304014895255e-03
1.508822616236004110e+00 2.007383606750969343e-02
1.528764842311064687e+00 4.492108418253148300e-02
1.548709451833084616e+00 5.862627569016067713e-02
1.568646279673008292e+00 4.472150672181694070e-02
1.588565830418269487e+00 3.688366189404789636e-02
1.608459270631112714e+00 4.782371547205389872e-02
1.628318415857542778e+00 8.124898206014943836e-02
1.648135713373344302e+00 9.226869447245508726e-02
1.667904221546150367e+00 8.794203232581333796e-02
1.687617586591525942e+00 5.847976428449939978e-02
1.707270017403134332e+00 4.471013152124234113e-02
1.726856259047754971e+00 4.207625396440689558e-02
1.746371565430228090e+00 4.473663211636472181e-02
1.765811276776406258e+00 3.905315086544351721e-02
1.785171750961460191e+00 4.797308714239666844e-02
1.804449676911853206e+00 6.020835656753002058e-02
1.823642057854449217e+00 5.762152188053312057e-02
1.842746270591426150e+00 2.934888039851429528e-02
1.861760039983736181e+00 1.433719835998714838e-02
1.880681414362693982e+00 1.558989988058009056e-02
1.899507370058403755e+00 2.350263272267712547e-02
1.918237611288654998e+00 3.380307674643314580e-02
1.936871105469531340e+00 3.923073941147411231e-02
1.955406968750847740e+00 4.008047752030595434e-02
1.973842618653530945e+00 3.429492062318633544e-02
1.992179045685731120e+00 3.745563341554612735e-02
2.010416204993484612e+00 3.572524339768674145e-02
2.028551956147564894e+00 4.089555968392091095e-02
2.046587459004489240e+00 3.539576805370923257e-02
2.064523298271133456e+00 2.713295705767943683e-02
2.082357042859225071e+00 2.164171716020936789e-02
2.100091898490585418e+00 2.610181784395449595e-02
2.117725657689892849e+00 3.357591480304253362e-02
2.135260545701290091e+00 3.954163551358733097e-02
2.152695645106732059e+00 4.365712778841397690e-02
2.170032581704946395e+00 5.364166258005456656e-02
2.187270712197630473e+00 6.610502467572032526e-02
2.204412312266257334e+00 7.168167231490937819e-02
2.221455692206243615e+00 7.198408209093307142e-02
2.238404351263744374e+00 8.856791535870589538e-02
2.255256337125453481e+00 7.005255543423719033e-02
2.272014206712765994e+00 6.089670514773658921e-02
2.288679138652482514e+00 4.071361844246962347e-02
2.305249367051095621e+00 3.390152307159585710e-02
2.321728344268437993e+00 3.926335186669506483e-02
2.338116797373332112e+00 4.268048899076170438e-02
2.353318624318805785e+00 4.553980929486408508e-02
2.369532638644530120e+00 4.296639754860083482e-02
2.385657683223186165e+00 3.546967110420192609e-02
2.401695433169082072e+00 2.501737755358773851e-02
2.417646038809518672e+00 1.446853857774089459e-02
2.433510864903511983e+00 7.775934483522911785e-03
2.449290568216097252e+00 5.695435616834564757e-03
2.464986094758114810e+00 5.292909297683829131e-03
2.480598645965794713e+00 4.956473467780891581e-03
2.496129078764479647e+00 5.715843119036375340e-03
2.511578124669150203e+00 6.289053453912814631e-03
2.526946537415412752e+00 5.156839338029401212e-03
2.542235491427585536e+00 5.189267760051156572e-03
2.557445853320683860e+00 5.121090269016714304e-03
2.572578489831486959e+00 6.068591319630472179e-03
2.587634266985141984e+00 5.719837660035700759e-03
2.602614049326332779e+00 4.009673925705564343e-03
2.617518699210671596e+00 4.710628639866431232e-03
2.632349076152275646e+00 4.205501466449448021e-03
2.647106036225185477e+00 5.109988274688870812e-03
2.661790431513397781e+00 7.400037252891789909e-03
2.676403109607865538e+00 7.529130995086909771e-03
2.690944913146468664e+00 7.355443398846721846e-03
2.705416590582351954e+00 8.731386406812653711e-03
2.719818713376284336e+00 8.927153147531568730e-03
2.734152400983027142e+00 9.880275834592566059e-03
2.748418473495628955e+00 1.138245978561183182e-02
2.762617744311878010e+00 1.420512921539686738e-02
2.776750738918029704e+00 1.621329254027352104e-02
2.790818118163926886e+00 2.004314411839221502e-02
2.804820848519227194e+00 2.583262488138223303e-02
2.818759295787976349e+00 3.288590680088957635e-02
2.832634804864107014e+00 3.948874791406717377e-02
2.846447922916612416e+00 4.613430803683116893e-02
2.860198910212339296e+00 4.360771130330953066e-02
2.873888519274823139e+00 4.654054452436071770e-02
2.887517816634654011e+00 6.808178131217491880e-02
2.901087585692033510e+00 6.766167806626800785e-02
2.914597980790959664e+00 5.978128270201574224e-02
2.928049396202598853e+00 5.219125294266496046e-02
2.941443612358471960e+00 4.458228396236890712e-02
2.954780289408262650e+00 3.840967249999999861e-02
2.968060022581390012e+00 3.223706500000000225e-02
2.981284288893667700e+00 2.606445749999999895e-02
2.994452934467594751e+00 1.989185313505619987e-02
3.007566344172544870e+00 2.107786857873416783e-02
3.020626223789440346e+00 2.196920791235424525e-02
3.033631947845537358e+00 2.216253488198003871e-02
3.046584511880793045e+00 2.342923073556560376e-02
3.059484935131381977e+00 2.411359799863633732e-02
3.072332829049976066e+00 3.010795458280089362e-02
3.085129916606037970e+00 4.093330030122300373e-02
3.097875502756103128e+00 7.156209576736599631e-02
3.110571129987835803e+00 1.017699892763431202e-01
3.123216637961093944e+00 1.133416746913317452e-01
3.135812725670485968e+00 1.178906279522825701e-01
3.148360256479041386e+00 1.134634238551156804e-01
3.160858937718413753e+00 1.247322728444247852e-01
3.173310297460585350e+00 1.331979389873637065e-01
3.185713659059480563e+00 1.433640894827518941e-01
3.198070618041989999e+00 1.504150802363161954e-01
3.210380701098859646e+00 1.471125826103722445e-01
3.222644994136484975e+00 1.502845130818061536e-01
3.234863794577550244e+00 1.556258016982627612e-01
3.247037121347579713e+00 1.632262010219052983e-01
3.259166303202519099e+00 1.679438719259605806e-01
3.271250615987783661e+00 1.691291795308868806e-01
3.283291815941002501e+00 1.613041702090902696e-01
3.295289016185304121e+00 1.577774634869086867e-01
3.307243638991090418e+00 1.275819857561616422e-01
3.319155724712446798e+00 7.560009308073187273e-02
3.331025048547470391e+00 3.880230456029160058e-02
3.342853372774558185e+00 1.540631199580193636e-02
3.354639759239975483e+00 9.695009547149408338e-03
3.366385213931299525e+00 1.913356428668304757e-02
3.378090435938202685e+00 2.046980203180369384e-02
3.389754894141533192e+00 2.056777384491904198e-02
3.401379720129002138e+00 2.136213038953244450e-02
3.412965262603840255e+00 2.178999128873633159e-02
3.424511178788165022e+00 1.973266567110511585e-02
3.436018463983957272e+00 2.073978360456065970e-02
3.447487643517353817e+00 1.855993890528459533e-02
3.458918298790126133e+00 1.602801619091801660e-02
3.470311039257920616e+00 1.661856981839778327e-02
3.481666926738163248e+00 1.657482847237699841e-02
3.492985397917636181e+00 1.526698288723422892e-02
3.504266744711586057e+00 1.385710727630930575e-02
3.515511886643296613e+00 1.344024833712884580e-02
3.526721289716987062e+00 1.269230564853483963e-02
3.537894451920495342e+00 1.277632639424545330e-02
3.549031782191425677e+00 1.579302431935948256e-02
3.560134142562759951e+00 1.625578093523876930e-02
3.571201935538599770e+00 1.258304152712725124e-02
3.582234821390384294e+00 1.166330842373274231e-02
3.593233214506483364e+00 1.200722887183867590e-02
3.604197424645829262e+00 1.447299918255503907e-02
3.615128145777617874e+00 1.546695963392149230e-02
3.626025628035619786e+00 1.536018639041941691e-02
3.636889584959430266e+00 1.245229615902480880e-02
3.647720576881903654e+00 1.203076813035808268e-02
3.658518637958860342e+00 1.318258132442149365e-02
3.669284488414518819e+00 1.275519770266020023e-02
3.680018366956090414e+00 1.464507988598467980e-02
3.690720510191360493e+00 1.596469994422626895e-02
3.701390756181494712e+00 1.574868692633183548e-02
3.712029656238687192e+00 1.403189788489782840e-02
3.722637193530346167e+00 1.697922845884539816e-02
3.733213859772529730e+00 2.028507422263036222e-02
3.743759988215817458e+00 2.143433966939011989e-02
3.754275802694761133e+00 2.110798018165203557e-02
3.764761525079575399e+00 2.237556443959239083e-02
3.775217375294118050e+00 2.251239064526795036e-02
3.785643414552597896e+00 2.394387656290913532e-02
3.796039870518901793e+00 2.394299403604972787e-02
3.806407123558148697e+00 2.453753956863855001e-02
3.816745316271162647e+00 2.393925039379017974e-02
3.827054553563777439e+00 2.250295114254002513e-02
3.837335238770845258e+00 2.099619516160500590e-02
3.847587578182896983e+00 2.222697893550202100e-02
3.857811776290640537e+00 2.417279934365811414e-02
3.868008035802120492e+00 2.187595174752335336e-02
3.878176557659481105e+00 2.235445407632891818e-02
3.888317541055801296e+00 2.050478903157625793e-02
3.898431183451905202e+00 1.843501151640374730e-02
3.908517680592658472e+00 1.551282250963371100e-02
3.918577226523631385e+00 5.128591088726439443e-03
3.928610013607310769e+00 3.809049034037542540e-04
3.938616232539311923e+00 8.130560470074325169e-03
3.948596072364359610e+00 1.357840054572496957e-02
3.958549720492337887e+00 1.536152731596176005e-02
3.968477362714094792e+00 1.735480719154115781e-02
3.978379183216993464e+00 1.850575908370839448e-02
3.988255364600585828e+00 2.021401806850826530e-02
3.998106087892046911e+00 2.071809874942259766e-02
4.007931532561444854e+00 2.199871000791528766e-02
4.017731876536744018e+00 2.358043344366634805e-02
4.027507296219189570e+00 2.744632347194624761e-02
4.037257966497982409e+00 2.966893005942203634e-02
4.046984060765010938e+00 3.278470397609709042e-02
4.056685750929706735e+00 3.198133870600365636e-02
4.066363207433369098e+00 3.090998202375276269e-02
4.076016599263708962e+00 3.375222849370658473e-02
4.085646093968985149e+00 3.878358235470483195e-02
4.095251857672306706e+00 3.358014187722888066e-02
4.104833851414876555e+00 3.314002358900644540e-02
4.114392395890217102e+00 2.298703838553339471e-02
4.123927685309644708e+00 2.590191715881565160e-02
4.133439689313710197e+00 3.392652860927736908e-02
4.142928654461126570e+00 3.169669494730348314e-02
4.152394829238767571e+00 3.407304212631395712e-02
4.161838370518539776e+00 3.368956106054905170e-02
4.171259433851333576e+00 2.816421084490853752e-02
4.180658173480034989e+00 3.344298615855467727e-02
4.190034742352488628e+00 3.377348591699986385e-02
4.199389118864472970e+00 3.599624088389000859e-02
4.208721411280857971e+00 3.415588223059932288e-02
4.218031783670043389e+00 3.448039770093926787e-02
4.227320343791194368e+00 3.304254860652797166e-02
4.236587454877109415e+00 3.578814600339523533e-02
4.245833262674290509e+00 3.512180242908793937e-02
4.255057911717283758e+00 3.480860206764886666e-02
4.264261502488804645e+00 3.372997379745520247e-02
4.273443784673311541e+00 3.612910746054166788e-02
4.282605066093975843e+00 3.588531038761147429e-02
4.291745497238621532e+00 3.438543217225074888e-02
4.300865452562932845e+00 2.903251357775520763e-02
4.309965069856946052e+00 2.246568906475631885e-02
4.319044483370198861e+00 2.196506831986611008e-02
4.328103283342509044e+00 2.390487383696331125e-02
4.337141764121041021e+00 2.629668941349914968e-02
4.346160239836020622e+00 2.827675573087046548e-02
4.355159029342510202e+00 2.303970678947321257e-02
4.364138264051550031e+00 2.482249513270246011e-02
4.373097663801792656e+00 2.712549576994058992e-02
4.382037255823386879e+00 2.756800079110793833e-02
4.390957347229826446e+00 3.061986751003103677e-02
4.399858379809916897e+00 3.067354366437931301e-02
4.408740479964515124e+00 2.951048024337754941e-02
4.417603204749742218e+00 2.958671364160029432e-02
4.426446613816148457e+00 2.662189289167598422e-02
4.435271302576705210e+00 2.998166488314640138e-02
4.444077536530676831e+00 3.118457865483393113e-02
4.452865139120919302e+00 2.122458815739546034e-02
4.461633802036566898e+00 2.864707032642636181e-02
4.470383952220901236e+00 3.036283012673672566e-02
4.479116111300958991e+00 3.077281660485986156e-02
4.487830187414814098e+00 3.055050982232290768e-02
4.496525690117326945e+00 2.836523505098740433e-02
4.505203055702263981e+00 3.420328290170962515e-02
4.513862880448070491e+00 3.229817643622380496e-02
4.522504982572471022e+00 2.876362687544438759e-02
4.531128868077260563e+00 2.991754013144680077e-02
4.539735153509219856e+00 3.131253657477849756e-02
4.548324335392374351e+00 3.280913907307514421e-02
4.556895974197657573e+00 3.326687699666638909e-02
4.565449744002531673e+00 3.464553724308916394e-02
4.573986605872239153e+00 3.228274458161450866e-02
4.582506678115227494e+00 2.766186647855307934e-02
4.591009129807996914e+00 3.198665144268646870e-02
4.599494550101651313e+00 3.340266765327520870e-02
4.607963598759111434e+00 3.354047574843465468e-02
4.616415733352928541e+00 3.375149373634686589e-02
4.624850579843143628e+00 3.398942570027476545e-02
4.633269348546966704e+00 2.883567674908377176e-02
4.641671729436721350e+00 3.312738203506088858e-02
4.650057059931758552e+00 3.277789263332652608e-02
4.658426386117748841e+00 1.936002756533036079e-02
4.666779756269230361e+00 2.153315970703633883e-02
4.675116309383541058e+00 3.080335269172069720e-02
4.683437013862103981e+00 2.818127546487410318e-02
4.691742102135409098e+00 2.445750709223061536e-02
4.700030602475957053e+00 2.224071596911836313e-02
4.708303489831512145e+00 2.602071128721004933e-02
4.716561011308922247e+00 2.932482343417416523e-02
4.724802169800854657e+00 2.741824420085759231e-02
4.733028028780899454e+00 2.609669766375993100e-02
4.741238685086829108e+00 2.432524648746035509e-02
4.749433199290784557e+00 2.438404719732245596e-02
4.757612803184763983e+00 2.111934878771106264e-02
4.774287731568903403e+00 3.291827290687881352e-02
4.790178705206052712e+00 2.742648042693369634e-02
4.798282189174233103e+00 2.402794043719410147e-02
4.806371442570124941e+00 2.246296392063747496e-02
4.814445116669440417e+00 2.256996231482152893e-02
4.822504321010272932e+00 2.569491061649847516e-02
4.830549154167173675e+00 2.539453433305572869e-02
4.838578614922651511e+00 2.778563427799003727e-02
4.846594259771453750e+00 3.009809617826192038e-02
4.854591741285649853e+00 3.269464477994140500e-02
4.854594947592469012e+00 2.889200392953181554e-02
4.862581202930997826e+00 3.259668571419981759e-02
4.870553619380602051e+00 3.112883210503262360e-02
4.878510993506936622e+00 2.840455962320084099e-02
4.886454846303997179e+00 3.008503132017250822e-02
4.894384139483184626e+00 3.045353301293028322e-02
4.902299339518550347e+00 3.086906395577786177e-02
4.910201017160399140e+00 2.979485360398061861e-02
4.918087973217008191e+00 2.965349042547782074e-02
4.925961892084997906e+00 2.698305241735532434e-02
4.932017685933816509e+00 3.460049900856485006e-02
4.933821240822708454e+00 3.092961530192457273e-02
4.941667221536858889e+00 3.089687037251451912e-02
4.949499630279942330e+00 2.513131092378700915e-02
4.957317947256888679e+00 2.755755560300840110e-02
4.965123393589028211e+00 2.627526059681615372e-02
4.972914548627976217e+00 3.021855833271833505e-02
4.980693090442407822e+00 2.478016364594375076e-02
4.988457499747997126e+00 2.595640914624711484e-02
4.996209063054010358e+00 3.036767054626257276e-02
5.003947269502155848e+00 3.449426184501033082e-02
5.006741314524830067e+00 3.430875280855676807e-02
5.078938376070116334e+00 3.381540387260901365e-02
5.148784619581096678e+00 3.208177461358613369e-02
5.216455794069196905e+00 3.282006191638716514e-02
5.282127648545835719e+00 3.607940522543635897e-02
5.345975932022430044e+00 4.146717286341464886e-02
5.408176393510398583e+00 4.303607415263158154e-02
5.468904782021158262e+00 4.300579467787023907e-02
5.528336846566118012e+00 4.170830523815818869e-02
5.586631171171212884e+00 4.013042607017792973e-02
5.643870472749527245e+00 3.943651220471440511e-02
5.700091470856046172e+00 4.190586868692378064e-02
5.755323676644261255e+00 4.308751542484898223e-02
5.809596601267665861e+00 4.313916231504296567e-02
5.862939755879743586e+00 4.172583575658881522e-02
5.915382651633988687e+00 4.159211120788860322e-02
5.966954799683885646e+00 4.158179352311244803e-02
6.017685711182925168e+00 4.225109965612667412e-02
6.067604897284592624e+00 4.386996649075370486e-02
6.116741869142381383e+00 4.877254668860737941e-02
6.165126137909775039e+00 5.633352955083751473e-02
6.212787214740261632e+00 6.997766469846451731e-02
6.259754610787328311e+00 8.644526744561419063e-02
6.306057837204459560e+00 8.881927863203444018e-02
6.351726405145141641e+00 7.961407045790908077e-02
6.396789825762865256e+00 7.207945184277074480e-02
6.441277610211108673e+00 6.857363280018205498e-02
6.485219269643361706e+00 6.927674430024839680e-02
6.528644315213106175e+00 8.097961247037296917e-02
6.571582258073826566e+00 1.146402958434075553e-01
6.614062609379007363e+00 1.733955797175628089e-01
6.656114880282127722e+00 2.409410999044141466e-01
6.697768581936681898e+00 2.952544422697485627e-01
6.739050319399300548e+00 3.281007835667448247e-01
6.779973851827330478e+00 3.521482376307018547e-01
6.820545145406415877e+00 3.777686559520280207e-01
6.860768944534408220e+00 3.919012969924223766e-01
6.900649993609158095e+00 3.985357156943225565e-01
6.940193037028514311e+00 4.146744749619455939e-01
6.979402819190330121e+00 4.537756258960319311e-01
7.018284084492456110e+00 4.910230275779889353e-01
7.056841577332739313e+00 5.150619461889690553e-01
7.095080042109032981e+00 5.034288984850348037e-01
7.133004223219192141e+00 5.167347580616336034e-01
7.170618865061058500e+00 5.423806787699967380e-01
7.207928712032482643e+00 6.250104967291119085e-01
7.244938508531327592e+00 7.534384584286060171e-01
7.281652998955430611e+00 8.576640165682425376e-01
7.318076927702645840e+00 9.892426075639990657e-01
7.354215039170822976e+00 1.077281196559748189e+00
7.390072077757809943e+00 1.140589308580055805e+00
7.425652787861462656e+00 1.155978932118864488e+00
7.460961913879625484e+00 1.093073289696625761e+00
7.496004200210149904e+00 9.451315212424182821e-01
7.530784391250886500e+00 7.364836676961827866e-01
7.565307231399684973e+00 4.979234900907471562e-01
7.599577465054391467e+00 3.010208990554590902e-01
7.633599836612858347e+00 1.925979400015739584e-01
7.667379090472937087e+00 1.514539913093859158e-01
7.700919971032471167e+00 1.399041612390636014e-01
7.734227222689314729e+00 1.400874823580510742e-01
7.767305589841318358e+00 1.412098493036960944e-01
7.800159816886321984e+00 1.423903521236668246e-01
7.832794648222185074e+00 1.450560571583567882e-01
7.865214828246747558e+00 1.452452884927354082e-01
7.897425101357866239e+00 1.398773625349959693e-01
7.929430211953379271e+00 1.379194884294182022e-01
7.961234904431151449e+00 1.276783029751665521e-01
7.992843923189020927e+00 1.184044045123505140e-01
8.024262012624832963e+00 1.079073957341378787e-01
8.055493917136441695e+00 9.913006877045674181e-02
8.086544381121690606e+00 9.199898518772148259e-02
8.117418148978433834e+00 9.039626132960439098e-02
8.148119965104516638e+00 9.215806570631808470e-02
8.178654573897789604e+00 1.062967514452163309e-01
8.209026719756096213e+00 1.416760975190576588e-01
8.239241147077281724e+00 2.122951700742360948e-01
8.269302600259205605e+00 2.920628711858342386e-01
8.299215823699700678e+00 3.831372128280061684e-01
8.328985561796626413e+00 4.504965503286074147e-01
8.358616558947822739e+00 4.960457082256271022e-01
8.388113099558013985e+00 5.145590053388602314e-01
8.417477434114132961e+00 5.355644871226333814e-01
8.446710577133858422e+00 5.459482979461987018e-01
8.475813349124528884e+00 5.392496815983819358e-01
8.504786570593481088e+00 5.252925238282847298e-01
8.533631062048055327e+00 4.956911607746997128e-01
8.562347643995591895e+00 4.598367488209911258e-01
8.590937136943438190e+00 4.205066759620283423e-01
8.619400361398929178e+00 3.816887466952150754e-01
8.647738137869406927e+00 3.658632822379075944e-01
8.675951286862218836e+00 3.856588501189410767e-01
8.704040628884692765e+00 4.493545879271646504e-01
8.732006984444184994e+00 5.132931562442368811e-01
8.759851174048021605e+00 5.530011513016646063e-01
8.787574018203549997e+00 5.720929484198268300e-01
8.815176337418115793e+00 5.661346713233007533e-01
8.842658952199052180e+00 5.643864407841405750e-01
8.870022683053701229e+00 5.578306019754657452e-01
8.897268350489403232e+00 5.599979536947543579e-01
8.924396775013500260e+00 5.660818752329200843e-01
8.951408777133339711e+00 5.676524837975513993e-01
8.978305177356249445e+00 5.773739029947694279e-01
9.005086796189578635e+00 5.814501830035965213e-01
9.031754454140669353e+00 5.957857414005426344e-01
9.058308971716854785e+00 5.953569018500040055e-01
9.084751169425478778e+00 5.988732643164498270e-01
9.111081867773878074e+00 6.004602697331665739e-01
9.137301887269408951e+00 6.008734165725213572e-01
9.163412048419393940e+00 6.092006028484499014e-01
9.189413171731178664e+00 6.123626503646196761e-01
9.215306077712108745e+00 6.102964724758915827e-01
9.241091586869520924e+00 6.141628352507302324e-01
9.266770519710757270e+00 6.106817401824647940e-01
9.292343696743154524e+00 5.719106839003295084e-01
9.317811938474056532e+00 4.907048250533455613e-01
9.343176065410801812e+00 3.777970240417798387e-01
9.368436898060730655e+00 2.730963115387763374e-01
9.393595256931181581e+00 2.078120809550625114e-01
9.418651962529505539e+00 1.645477550325203653e-01
9.443607835363026837e+00 1.431007656524879434e-01
9.468463695939105307e+00 1.331220580333384029e-01
9.493220364765059927e+00 1.322321936814989662e-01
9.517878662348246976e+00 1.309093626366423790e-01
9.542439409195999644e+00 1.287111038835792864e-01
9.566903425815654671e+00 1.270563466625491411e-01
9.591271532714564785e+00 1.263491119172155397e-01
9.615544550400056067e+00 1.239219345414776380e-01
9.639723299379479471e+00 1.245551396252737725e-01
9.663808600160168183e+00 1.174629723235679490e-01
9.687801273249460721e+00 1.167251129092288509e-01
9.711702139154708036e+00 1.164781027114544648e-01
9.735512018383243316e+00 1.105057075960319130e-01
9.759231731442405078e+00 1.075925172850652062e-01
9.782862098839540721e+00 1.056675592989834295e-01
9.806403941081978104e+00 9.944099658314878298e-02
9.829858078677066402e+00 9.881034139412323003e-02
9.853225332132138803e+00 9.493321661481779472e-02
9.876506521954539153e+00 8.897916210533998727e-02
9.899702468651618403e+00 9.069301294705081617e-02
9.922813992730691979e+00 9.192859721351159807e-02
9.945841914699123265e+00 9.406349709918662705e-02
9.968787055064240121e+00 9.727493890557978307e-02
9.991650234333384617e+00 1.001032437716829898e-01
1.001443227301389527e+01 1.035610047849329918e-01
1.003713399161311592e+01 1.121732666296472308e-01
1.005975621063838332e+01 1.220155681301584305e-01
1.008229975059704131e+01 1.378096784084353044e-01
1.010476543199641952e+01 1.555214020284035048e-01
1.012715407534386891e+01 1.794813287686581604e-01
1.014946650114672266e+01 2.055547252436134287e-01
1.017170352991232285e+01 2.278868301063341484e-01
1.019386598214800621e+01 2.407078514057430230e-01
1.021595467836111659e+01 2.478465058754409089e-01
1.023797043905898896e+01 2.411635070805811243e-01
1.025991408474896716e+01 2.473515188156907851e-01
1.028178643593839148e+01 2.521449395215671907e-01
1.030358831313459866e+01 2.526812507351489656e-01
1.032532053684492723e+01 2.651963846889659471e-01
1.034698392757671925e+01 2.758111749708435645e-01
1.036857930583731502e+01 2.934698370095724651e-01
1.039010749213404594e+01 3.241419096911414277e-01
1.041156930697426475e+01 3.653388521472615835e-01
1.043296557086529930e+01 4.029775443129312018e-01
1.045429710431448989e+01 4.490393170825275893e-01
1.047556472782918568e+01 5.006194866095858842e-01
1.049676926191671278e+01 5.493641274864045076e-01
1.051791152708441679e+01 5.807272973745171152e-01
1.053899234383964512e+01 5.968209151235435161e-01
1.056001253268972384e+01 6.079902228519270535e-01
1.058097291414199859e+01 6.100406957384200135e-01
1.060187430870380787e+01 5.922872085509622853e-01
1.062271753688248666e+01 5.601514798397861927e-01
1.064350341918537879e+01 5.150427352571502748e-01
1.066423277611982456e+01 4.824179419317335404e-01
1.068490642819316072e+01 4.419343907343640243e-01
1.070552519591272400e+01 4.124474020632069027e-01
1.072608989978585292e+01 3.900672915283566189e-01
1.074660128716677221e+01 3.670906168110456558e-01
1.076705978164280531e+01 3.639215597940325675e-01
1.078746560897866047e+01 3.802827932679029299e-01
1.080781896376735141e+01 3.873937948529780906e-01
1.082812004060189182e+01 4.066995341723236845e-01
1.084836903407530428e+01 4.120981250273660357e-01
1.086856613878059719e+01 4.185421789226133615e-01
1.088871154931078955e+01 4.128662341979481565e-01
1.090880546025889508e+01 4.059444900239854159e-01
1.092884806621792926e+01 3.974439620756191061e-01
1.094883956178090401e+01 4.068454071413682427e-01
1.096878014154084724e+01 3.967023339272823801e-01
1.098867000009076023e+01 4.115020205161937783e-01
1.100850933202366910e+01 4.169258797099464342e-01
1.102829833193257336e+01 4.168481922843012000e-01
1.104803719441050980e+01 4.205321802418808264e-01
1.106772611405047435e+01 4.209606960522459529e-01
1.108736528544549316e+01 4.039478703321083830e-01
1.110695490318857992e+01 4.111825393739501067e-01
1.112649516187274301e+01 3.934760220092786698e-01
1.114598625609100857e+01 3.874872037839126038e-01
1.116542838043639030e+01 3.755348696673821984e-01
1.118482172950189479e+01 3.670439370827183190e-01
1.120416649788054109e+01 3.493677638559792298e-01
1.122346288016534821e+01 3.240562666448840723e-01
1.124271107094932809e+01 2.979976004602314932e-01
1.126191126482549798e+01 2.756008653584941515e-01
1.128106365638686981e+01 2.338741007138910311e-01
1.130016844022646616e+01 2.113909292780088989e-01
1.131922581093728830e+01 1.840122991260058904e-01
1.133823596311236948e+01 1.683172156643597539e-01
1.135719909134470740e+01 1.618565139053293467e-01
1.137611539022733531e+01 1.492103920126811034e-01
1.139498505435324915e+01 1.538806439547018567e-01
1.141380827831547684e+01 1.656728153336744225e-01
1.143258525670703207e+01 1.714694640724336583e-01
1.145131618412092678e+01 2.100869051298169810e-01
1.147000125515017288e+01 2.158656917439863987e-01
1.148864066438779297e+01 2.474618844261755879e-01
1.150723460642680607e+01 2.759076665353707436e-01
1.152578327586021345e+01 3.147596238817753078e-01
1.154428686728104125e+01 3.568817857105716085e-01
1.156274557528229607e+01 3.999755060007526009e-01
1.158115959445699872e+01 4.689711285426910736e-01
1.159952911939817000e+01 5.449309984990795552e-01
1.161785434469881295e+01 6.501413406295670772e-01
1.163613546495194839e+01 7.533203023236656470e-01
1.165437267475059357e+01 8.755047040857831808e-01
1.167256616868776220e+01 9.863352816599668671e-01
1.169071614135646264e+01 1.119898125632168062e+00
1.170882278734971393e+01 1.218153209985095353e+00
1.172688630126054221e+01 1.358740318685524029e+00
1.174490687768194697e+01 1.500511813762973379e+00
1.176288471120695078e+01 1.619762587440071844e+00
1.178081999642856381e+01 1.751835985905730197e+00
1.179871292793981219e+01 1.875022257547008131e+00
1.181656370033370429e+01 1.974052806871640531e+00
1.183437250820324493e+01 2.088425722602099910e+00
1.185213954614146203e+01 2.134488737486890386e+00
1.186986500874136929e+01 2.164401314251550801e+00
1.188754909059597864e+01 2.188009319013683118e+00
1.190519198629830555e+01 2.274543564245740335e+00
1.192279389044136906e+01 2.258780373982562928e+00
1.194035499761817576e+01 2.263433242648402732e+00
1.195787550242174468e+01 2.301957899332533142e+00
1.197535559944509487e+01 2.155457828026972944e+00
1.199279548328123646e+01 2.086395716145619250e+00
1.201019534852318316e+01 1.973652962413503298e+00
1.202755538976395933e+01 1.915303545526721773e+00
1.204487580159657156e+01 1.726170962647187723e+00
1.206215677861402824e+01 1.778592498717204595e+00
1.207939851540936083e+01 1.619219477860235124e+00
1.209660120657557414e+01 1.400668175559894424e+00
1.211376504670568366e+01 1.222598901144476002e+00
1.213089023039270309e+01 1.119481375207504570e+00
1.214797695222965146e+01 9.633288893397138342e-01
1.216502540680954780e+01 8.570233331931539356e-01
1.218203578872539161e+01 7.342298289036047754e-01
1.219900829257020902e+01 6.394563810470552667e-01
1.221594311293701729e+01 5.195610102831037524e-01
1.223284044441882479e+01 4.638199872565198500e-01
1.224970048160864700e+01 4.006304512275533081e-01
1.226652341909950117e+01 3.402923611089963551e-01
1.228330945148440101e+01 2.609820784782967973e-01
1.230005877335636555e+01 2.566028264876163423e-01
1.231677157930840316e+01 2.772390248862006135e-01
1.233344806393352755e+01 1.896178183321284294e-01
1.235008842182476307e+01 1.961031312682958716e-01
1.236669284757511100e+01 1.259425915218783665e-01
1.238326153577759925e+01 1.639406896942305347e-01
1.239979468102523796e+01 1.700048180856983393e-01
1.241629247791103730e+01 1.727217610433869621e-01
1.243275512102801805e+01 1.612658438921393267e-01
1.244918280496918861e+01 1.729452687144707179e-01
1.246557572432756977e+01 1.651813941524425677e-01
1.248193407369617525e+01 1.343632931316509904e-01
1.249825804766801873e+01 1.662720546166796820e-01
1.251454784083611038e+01 1.226633856787342908e-01
1.253080364779346922e+01 1.679443258488907964e-01
1.254702566313311607e+01 1.612843308465422565e-01
1.256321408144805396e+01 2.076260896105849296e-01
1.257936909733130548e+01 1.659475487781347791e-01
1.259549090537588434e+01 2.234309523436988631e-01
1.261157970017480423e+01 2.577541906410131811e-01
1.262763567632107531e+01 2.429129292932840911e-01
1.264365902840771483e+01 2.262985972094390674e-01
1.265964995102774715e+01 2.761120078075356976e-01
1.267560863877417354e+01 2.346765811449871286e-01
1.269153528624001481e+01 2.030582573045670858e-01
1.270743008801827756e+01 2.315518379521342984e-01
1.272329323870199147e+01 2.615734102598771260e-01
1.273912493288415959e+01 2.934782327230932020e-01
1.275492536515780095e+01 2.833195916266377234e-01
1.277069473011592393e+01 3.082342707487706890e-01
1.278643322235155111e+01 2.748089209487897810e-01
1.280214103645769619e+01 2.114144418828178829e-01
1.281781836702736932e+01 3.160091712664861996e-01
1.283346540865358776e+01 2.702124897038614693e-01
1.284908235592936343e+01 2.588554531267502345e-01
1.286466940344771537e+01 2.481964316108076496e-01
1.288022674580165194e+01 2.969376246679382714e-01
1.289575457758419752e+01 2.564645340439585808e-01
1.291125309338835336e+01 2.774875037674406353e-01
1.292672248780714561e+01 2.671702534959913833e-01
1.294216295543357909e+01 2.599931885389240582e-01
1.295757469086067459e+01 2.687452625663188099e-01
1.297295788868144584e+01 2.039737178379319171e-01
1.298831274348891185e+01 1.979834060310978749e-01
1.300363944987606857e+01 2.329968829699839150e-01
1.301893820243595457e+01 1.918730920045763622e-01
1.303420919576156933e+01 2.523878272176552917e-01
1.304945262444592657e+01 2.459391613263338106e-01
1.306466868308204710e+01 2.824809100181536192e-01
1.307985756626294815e+01 2.434931063500300474e-01
1.309501946858163279e+01 2.683318292696330598e-01
1.311015458463112715e+01 1.354218992421156176e-01
1.312526310900443782e+01 8.904338036447997928e-02
1.314034523629458384e+01 1.925071121076012692e-01
1.315540116109457358e+01 1.583302488477279224e-01
1.317043107799742963e+01 2.270959123431884052e-01
1.318543518159615857e+01 1.882301992669261903e-01
1.320041366648377412e+01 1.547601541583539519e-01
1.321536672725329531e+01 1.668430266019947650e-01
1.323029455849773406e+01 1.608385907125026715e-01
1.324519735481010763e+01 1.541645924311134397e-01
1.326007531078343149e+01 1.539423771478657110e-01
1.327492862101071225e+01 1.349587003178426281e-01
1.328975748008497249e+01 1.714550887901135912e-01
1.330456208259922057e+01 1.544863075309805822e-01
1.331934262314646311e+01 1.168106435132672399e-01
1.333409929631973689e+01 1.385516388953829392e-01
1.334883229671203786e+01 1.604721090771595582e-01
1.336354181891638326e+01 1.442094288925654388e-01
1.337822805752579391e+01 1.184607588901229053e-01
1.339289120713326930e+01 1.522816069964544050e-01
1.340753146233184268e+01 1.708681642812452384e-01
1.342214901771451707e+01 1.994531522784766253e-01
1.343674406787430975e+01 1.135892263326963303e-01
1.345131680740423086e+01 1.247804048533489168e-01
1.346586743089730298e+01 3.479574075045139409e-02
1.348039613294652739e+01 1.112539410564170224e-02
1.349490310814492844e+01 4.446351953227033194e-02
1.350938855108551806e+01 2.948687945547862066e-02
1.352385265636130285e+01 4.965488997705195390e-02
1.353829561856530361e+01 -3.992035178346682589e-03
1.355271763229053583e+01 1.121087507485485357e-01
1.356711889213001498e+01 1.425087123419166713e-01
1.358149959267674944e+01 1.191112622472743215e-01
1.359585992852375469e+01 1.170164172712366418e-01
1.361020009426404087e+01 9.150906780895408377e-02
1.362452028449063235e+01 1.304033329857461065e-01
1.363882069379653572e+01 2.790807838939651092e-02
1.365310151677476647e+01 5.660369169947274820e-02
1.366736294801833651e+01 7.083099583385460418e-02
1.368160518212026311e+01 3.070186159165251907e-02
1.369582841367355286e+01 1.043885993067201201e-01
1.371003283727123545e+01 6.782886624152074939e-02
1.372421864750630682e+01 1.168334838792302738e-01
1.373838603897179134e+01 6.141957617182132456e-02
1.375253520626069736e+01 -4.722521970113051880e-03
1.376666634396604749e+01 4.282906773846567594e-02
1.378077964668084121e+01 7.573271824437664834e-02
1.379487530899810821e+01 8.434893913005424293e-02
1.380895352551085153e+01 3.738315156948745360e-02
1.382301449081208844e+01 3.024676904558541712e-02
1.383705839949483440e+01 -1.555347239336170133e-03
1.385108544615210135e+01 8.339226174238710196e-03
